CHROMATOGRAM
E:\Ipsita\BSH_Zarrinpar\RT_match\Raw_data\P1_F9_GUDCA_AZ-52_48h.raw
Data points: 2813
Time(min),Relative Abundance
0.003748567,0
0.008365134,0
0.011517234,0
0.013840098,0
0.016162999,0
0.018488001,0
0.020810881,0
0.023133802,0
0.025458784,0
0.027781684,0
0.030106667,0
0.032429567,0
0.034752467,0
0.037077434,0
0.045956615,0
0.050189868,0
0.052514834,0
0.054837751,0
0.057160615,0
0.059485633,0
0.061808518,0
0.064131418,0
0.066456401,0
0.071973017,0
0.076037601,0
0.078360465,0
0.080685484,0
0.083008368,0
0.085331284,0
0.087656251,0
0.092487585,0
0.094810382,0
0.097135368,0
0.099458264,0
0.10178116,0
0.10410612,0
0.10642903,0
0.10875402,0
0.11107693,0
0.11339981,0
0.11572478,0
0.11804772,0
0.1203706,0
0.1226956,0
0.1250185,0
0.12734348,0
0.12966638,0
0.13198927,0
0.13431427,0
0.13663715,0
0.13896007,0
0.14128505,0
0.14360795,0
0.14593293,0
0.14825582,0
0.15057872,0
0.15290371,0
0.15522662,0
0.1575495,0
0.1598745,0
0.16219742,0
0.1645224,0
0.16684529,0
0.16916817,0
0.17149317,0
0.17633698,0
0.17866187,0
0.18098477,0
0.18330975,0
0.18563265,0
0.18795555,0
0.19028052,0
0.19260343,0
0.19492633,0
0.19725132,0
0.19957422,0
0.2018992,0
0.2042221,0
0.20654498,0
0.21204912,0
0.21754701,0
0.2217824,0
0.2241053,0
0.22643028,0
0.22875318,0
0.23107817,0
0.23340105,0
0.23572397,0
0.23804895,0
0.24037185,0
0.24269475,0
0.24501972,0
0.24734262,0
0.25288217,0
0.25711758,0
0.26195297,0
0.26427792,0
0.26660083,0
0.2689279,0
0.27125078,0
0.27357578,0
0.27589867,0
0.27822158,0
0.28054657,0
0.28286948,0
0.28519445,0
0.28751735,0
0.28984025,0
0.29216523,0
0.29448815,0
0.29681103,0
0.29913602,0
0.30145893,0
0.30378183,0
0.30610682,0
0.3084297,0
0.31075467,0
0.31307757,0
0.31540048,0
0.31772545,0
0.32004837,0
0.32237337,0
0.32469627,0
0.32701915,0
0.32934413,0
0.33166703,0
0.33398995,0
0.33631493,0
0.33863782,0
0.34347738,0
0.34580027,0
0.34812527,0
0.35044813,0
0.35277105,0
0.35509603,0
0.35741893,0
0.35974393,0
0.36206683,0
0.36438972,0
0.3667147,0
0.36903758,0
0.37399383,0
0.38436457,0
0.40002903,0
0.41899142,0
0.44018293,0
0.4586807,0
0.47689308,0
0.4944117,0
0.51343865,0
0.53523435,0
0.55432378,0
0.57332781,0
0.59027147,0
0.6025318,0
0.61763375,0
0.63534822,0
0.65343143,0
0.6719792,0
0.68982492,0
0.70202483,0
0.71908928,0
0.73751833,0
0.75151828,0
0.76391815,0
0.77994303,0
0.7986054,0
0.81498653,0
0.8319989,0
0.85029255,0
0.86859865,0
0.88774643,0
0.90682755,0
0.92593367,0
0.94706685,0
0.9662313,0
0.98548948,0
1.0046498,0
1.0243392,0
1.0414724,0
1.0607077,0
1.0799117,0
1.0988074,0
1.118899,0
1.1381738,0
1.1573362,0
1.1765507,0
1.1985609,0
1.2139629,0
1.2318919,0
1.2511564,0
1.2704167,0
1.292379,0
1.3115622,0
1.3307996,0
1.3501057,0
1.3720222,0
1.3912367,0
1.409599,0
1.4284155,0
1.44938,0
1.4674236,0
1.4856631,0
1.5002463,0
1.5173212,0
1.5365356,0
1.549948,0
1.5639438,0
1.5773333,0
1.5933602,0
1.6058706,0
1.6178643,0
1.6327516,0
1.6443245,0
1.6592222,0
1.6731471,0
1.6899346,0
1.7054407,0
1.7199885,0
1.7313113,0
1.7455779,0
1.7605882,0
1.7772714,0
1.7926213,0
1.8090358,0
1.825619,0
1.8374856,0
1.8518626,0
1.8642687,0
1.8818582,0
1.8935894,0
1.9057664,0
1.9193038,0
1.9308079,0
1.9465973,0
1.9624368,0
1.9784596,0
1.9951199,0
2.0122239,0
2.0298217,0
2.0464779,0
2.0633111,0
2.0782922,0
2.0951942,0
2.1158857,0
2.1339376,0
2.1533313,0
2.1716291,0
2.189856,0
2.2075996,0
2.2251787,0
2.2430765,0
2.2619972,0
2.2834429,0
2.3029448,0
2.3219259,0
2.3411821,0
2.363509,0
2.3819734,0
2.3979629,0
2.4172232,0
2.4367939,0
2.4547271,0
2.4721978,0
2.491783,0
2.5114559,0
2.5337307,0
2.5514139,0
2.571045,0
2.5906094,0
2.6129405,0
2.6324321,0
2.6520423,0
2.6717359,0
2.694215,0
2.7137482,0
2.7335459,0
2.7532125,0
2.7757019,0
2.7838393,0
2.8033705,0
2.8229328,0
2.8423994,0
2.8646304,0
2.8829949,0
2.9025885,0
2.9198988,0
2.9375362,0
2.9572464,0
2.976813,0
2.9957399,0
3.0152189,0
3.0375563,0
3.0556562,0
3.0753935,0
3.095108,0
3.1059162,0
3.125814,0
3.1456722,0
3.1653908,0
3.1847886,0
3.2070551,0
3.2264966,0
3.2460611,0
3.2660755,0
3.2769108,0
3.2850004,0
3.3047523,0
3.3128836,0
3.3268667,0
3.3316063,0
3.3351875,0
3.3384209,0
3.3458896,0
3.3493166,7598.4453125
3.3526187,20754.31640625
3.3559582,0
3.3591124,24837.26953125
3.3614374,0
3.3637603,0
3.3660831,0
3.3684081,0
3.3731644,0
3.3764602,0
3.3797622,0
3.3914163,0
3.3948101,0
3.3979225,0
3.4139432,0
3.4186495,0
3.4219911,0
3.4255598,0
3.4286806,0
3.432016,0
3.4352077,0
3.4385556,0
3.443193,0
3.4466826,0
3.4583179,0
3.4615908,0
3.4649366,0
3.4697428,0
3.4731178,0
3.4777574,0
3.4811303,0
3.4844573,0
3.4926114,0
3.4959635,0
3.5041322,11699.53125
3.5112155,0
3.5186758,0
3.5291549,0
3.539732,0
3.5504194,0
3.5643985,0
3.5784817,0
3.5817129,0
3.5849546,0
3.5920545,0
3.5956024,0
3.5985398,0
3.6067377,0
3.6172751,0
3.6253001,0
3.6359604,0
3.6466291,0
3.6628352,0
3.6662227,0
3.6746268,0
3.6821934,0
3.6893975,0
3.6932058,0
3.6964392,0
3.6987641,0
3.701087,0
3.7034099,0
3.7057349,0
3.7080578,0
3.7103828,0
3.7127057,0
3.7176328,0
3.7215223,0
3.7247223,0
3.7329243,0
3.7400305,0
3.7540221,0
3.7681262,0
3.7790303,0
3.7822865,0
3.7928843,0
3.8009072,0
3.8079217,0
3.8184841,0
3.8266153,0
3.8371507,0
3.8512131,0
3.858761,0
3.8692713,0
3.8833024,0
3.9028585,0
3.9225688,0
3.9307854,0
3.9389562,0
3.9422187,0
3.9453499,0
3.9486603,0
3.9518769,0
3.9551415,0
3.9585394,0
3.966681,0
3.9747018,0
3.9781351,0
3.9814497,0
3.9895871,0
3.9942266,0
4.0013329,0
4.008439,29548.701171875
4.012039,30453.275390625
4.0203014,37689.5390625
4.0237681,0
4.0269681,0
4.0292931,36642.65625
4.031616,46060.94921875
4.0339389,0
4.0362639,0
4.0385868,29224.296875
4.0409097,0
4.0432346,0
4.0455575,35228.76953125
4.0478825,0
4.0561075,19412.255859375
4.059595,0
4.0629387,0
4.0662033,0
4.0685261,0
4.0732719,9557.63671875
4.0767636,11753.2822265625
4.079976,0
4.0846823,12420.0380859375
4.0881051,0
4.0917114,15059.53515625
4.0945405,26052.076171875
4.0968655,16744.599609375
4.0991884,32096.80078125
4.1015113,0
4.1038363,25333.642578125
4.1061592,25732.337890625
4.1109425,0
4.1143071,0
4.1175008,23392.80859375
4.1208466,23070.876953125
4.1241758,0
4.127382,0
4.1307257,10372.970703125
4.1339007,0
4.1372006,0
4.1453297,8229.20703125
4.1569839,20539.015625
4.1602171,17462.248046875
4.164865,40428.26171875
4.1682129,46225.23828125
4.17139,71746.75
4.1903211,109720.328125
4.1950774,93797.7578125
4.2021314,100364.625
4.2054314,75909.7265625
4.208571,59275.765625
4.211873,0
4.2152043,64237.0078125
4.2183688,48948.3515625
4.2231063,35298.06640625
4.226498,0
4.2296625,0
4.2329771,20532.625
4.2363104,0
4.2394895,0
4.2428124,13636.47265625
4.2460228,0
4.2493311,0
4.2526353,0
4.2559915,11282.876953125
4.259306,0
4.2626498,0
4.2658747,8748.826171875
4.2681976,0
4.2705226,0
4.2728455,0
4.2751684,0
4.2774934,0
4.2891788,10739.9375
4.296185,13421.75
4.3033245,25685.640625
4.3067265,32476.08984375
4.3113682,41455.828125
4.3145911,48828.4140625
4.317939,62396.96875
4.3261098,56680.2421875
4.3295826,45948.4765625
4.3342263,54775.29296875
4.3378118,55557.421875
4.3415471,42548.42578125
4.34387,49237.55078125
4.3487138,38724.7265625
4.35217,0
4.3556137,38386.21875
4.3589658,0
4.3612887,40636.890625
4.3661303,34542.83203125
4.3732907,0
4.380451,46771.06640625
4.3910781,50522.11328125
4.394353,34666.3125
4.3975717,27334.263671875
4.4092654,19032.2109375
4.4199487,11628.2236328125
4.433934,0
4.4448464,0
4.4646025,0
4.4787378,0
4.4904586,0
4.5064835,0
4.5287749,0
4.5404624,0
4.5520331,0
4.5603935,0
4.5634997,0
4.5706351,0
4.5777371,0
4.5847412,0
4.5930849,0
4.6077057,0
4.6109327,0
4.621441,0
4.6331618,0
4.6438513,0
4.647047,0
4.6587366,0
4.6659177,0
4.6776864,0
4.6999717,0
4.7142278,0
4.7261194,0
4.7422339,0
4.75844,0
4.7618317,0
4.7649691,0
4.7697608,0
4.772792,0
4.7798857,0
4.7904981,0
4.7937106,0
4.8018668,0
4.8088459,0
4.8251812,0
4.833402,0
4.8474082,0
4.8547852,0
4.8594268,0
4.8627226,0
4.8660435,0
4.869308,0
4.8741642,0
4.8777558,0
4.8810079,0
4.8833329,0
4.8856558,0
4.8879808,0
4.8903037,0
4.8926266,0
4.8949515,0
4.8972744,0
4.8995974,0
4.9019223,0
4.9042452,0
4.9065702,0
4.9088931,0
4.911216,0
4.9160035,0
4.9195784,0
4.9227514,0
4.9250743,0
4.9298055,0
4.9332034,0
4.9364429,0
4.9446346,0
4.9480116,0
4.9513324,0
4.9544761,0
4.9568011,0
4.959124,0
4.9614469,0
4.9637719,0
4.9660948,0
4.9684177,0
4.9707427,0
4.9730656,0
4.9753906,0
4.9800593,0
4.9907821,0
4.9943133,0
5.0025008,0
5.0130903,0
5.0241069,0
5.0287444,0
5.0402506,0
5.0474026,0
5.0615171,0
5.0720961,0
5.079242,0
5.0822461,0
5.0893606,0
5.0964876,0
5.1036022,0
5.1107501,0
5.1178813,0
5.1210771,0
5.1316395,0
5.1346895,0
5.1379165,0
5.1426061,0
5.149756,0
5.1543956,0
5.1575102,0
5.1681434,0
5.1845183,0
5.1951182,0
5.2111452,0
5.2229701,0
5.2312138,0
5.2452887,0
5.2572261,0
5.2795718,0
5.2827343,0
5.28988,0
5.2968592,0
5.3051799,0
5.3083299,0
5.3113653,0
5.3145528,0
5.322786,0
5.3274256,0
5.3306818,0
5.3389568,0
5.3500358,0
5.3582587,0
5.363015,0
5.3662482,0
5.3708878,0
5.3743128,0
5.3776502,0
5.3808252,0
5.3854669,0
5.3889335,0
5.3920918,0
5.3944147,0
5.3967397,0
5.3990626,0
5.4038001,0
5.4071229,0
5.410448,0
5.4136437,0
5.4159666,0
5.4182916,0
5.4206145,0
5.4244062,0
5.4267291,0
5.429054,0
5.4313769,0
5.4337019,0
5.4360248,0
5.4383477,0
5.4406727,0
5.4429956,0
5.4453185,0
5.4476435,0
5.4499664,0
5.4522914,0
5.4546143,0
5.4569372,0
5.4592622,0
5.4615851,0
5.463908,0
5.4662329,0
5.4685558,0
5.4708808,0
5.4732037,0
5.4755266,0
5.4778516,0
5.4801745,0
5.4824974,0
5.4848224,0
5.4871453,0
5.4894682,0
5.4917932,0
5.4941161,0
5.4964411,0
5.498764,0
5.5010869,0
5.5034118,0
5.5057348,0
5.5096723,0
5.5119951,0
5.5166889,0
5.5202867,0
5.5249242,0
5.5286971,0
5.5318721,0
5.5341971,0
5.5365199,0
5.5411595,0
5.5449365,0
5.548297,0
5.5529365,0
5.5565344,0
5.5598365,0
5.5621614,0
5.5644843,0
5.5668072,0
5.5691322,0
5.5714551,0
5.573778,0
5.576103,0
5.5784259,0
5.5807509,0
5.5830738,0
5.5853967,0
5.5877217,0
5.5917404,0
5.5940633,0
5.5963883,0
5.5987112,0
5.6010341,0
5.6033591,0
5.605682,0
5.6080049,0
5.6103298,0
5.6126527,0
5.6149777,0
5.6173006,0
5.6196235,0
5.6219485,0
5.6242714,0
5.6265943,0
5.6289193,0
5.6312422,0
5.6335672,0
5.6358901,0
5.638213,0
5.640538,0
5.6428609,0
5.6451838,0
5.6475088,0
5.6498316,0
5.6521566,0
5.6544795,0
5.6568024,0
5.6591274,0
5.6614503,0
5.6637732,0
5.6660982,0
5.6684211,0
5.6707461,0
5.6748565,0
5.6771815,0
5.6795044,0
5.6818273,0
5.6841522,0
5.6864751,0
5.6888001,0
5.6936001,5095.43896484375
5.6973293,0
5.7006438,10489.7314453125
5.7029688,9447.6220703125
5.7052917,19782.41796875
5.7100937,0
5.7139771,0
5.7171228,0
5.7218666,0
5.7257728,0
5.7289665,0
5.7312894,41756.27734375
5.7336144,39826.8359375
5.7359373,0
5.7382623,54022.046875
5.7405852,0
5.7429081,0
5.7452331,0
5.747556,0
5.7498789,36202.015625
5.7522039,31883.984375
5.7545267,33344.62109375
5.7586809,34511.9375
5.7610038,30685.181640625
5.7633267,30245.634765625
5.7656517,0
5.7679746,17367.73828125
5.7702996,14681.150390625
5.7726224,0
5.7749453,0
5.7772703,0
5.7795932,0
5.784337,9846.296875
5.7878036,0
5.7910057,0
5.7942577,0
5.8058327,0
5.8128159,0
5.8198576,0
5.8304242,0
5.8409074,0
5.8617885,0
5.8664947,0
5.884605,0
5.896257,0
5.9078132,0
5.9109132,0
5.9139048,0
5.9170798,0
5.920136,0
5.9236506,0
5.9268422,0
5.9300443,0
5.933488,0
5.9366359,0
5.9389588,0
5.9412838,0
5.9436067,0
5.9459296,0
5.9482546,0
5.9505774,0
5.9553128,0
5.9592045,0
5.9623857,0
5.9672315,0
5.9722231,0
5.9771877,0
5.9812668,0
5.9843793,0
5.9867022,0
5.9890272,0
5.9913501,0
5.993673,0
5.995998,0
5.9983209,0
6.0006438,0
6.0057812,0
6.0101666,0
6.0132104,0
6.0155333,0
6.0178582,0
6.0201812,0
6.0225041,0
6.024829,0
6.0271519,0
6.0294769,0
6.0317998,0
6.0341227,0
6.0364477,0
6.0387706,0
6.0437331,0
6.0510851,0
6.054908,0
6.0581413,0
6.0630412,0
6.0670433,0
6.075262,0
6.0791682,0
6.0825307,0
6.0848536,0
6.0871786,0
6.0895015,0
6.0936785,0
6.0960014,0
6.0983264,0
6.1006493,0
6.1029743,0
6.1052972,0
6.1076201,0
6.1099451,0
6.112268,0
6.1145909,0
6.1169158,0
6.1192388,0
6.1215638,0
6.126645,0
6.1307825,0
6.1339658,0
6.1362887,0
6.1386116,0
6.1409365,0
6.1432594,0
6.1455823,0
6.1479073,0
6.1502302,0
6.1525552,0
6.1548781,0
6.157201,0
6.159526,0
6.1618489,0
6.1641718,0
6.1664968,0
6.1688197,0
6.1711447,0
6.1787842,0
6.18263,0
6.1859092,0
6.1882341,0
6.1931508,0
6.1969445,0
6.2002465,0
6.2025715,0
6.2048944,0
6.2098548,0
6.2147569,0
6.2186401,0
6.2219818,0
6.2243047,0
6.2266276,0
6.2289526,0
6.2312755,0
6.2336005,0
6.2359233,0
6.2409525,0
6.2459962,0
6.2502378,0
6.2536399,0
6.2583046,0
6.261394,0
6.263719,0
6.2660419,0
6.2683648,0
6.2734898,0
6.2775336,0
6.2809168,0
6.2832418,0
6.2855647,0
6.2878876,0
6.2902126,0
6.2925355,0
6.2977562,0
6.3020021,0
6.3051104,0
6.3074333,0
6.3097582,0
6.3120812,0
6.3144062,0
6.316729,0
6.3190519,0
6.3213769,0
6.3236998,0
6.3260227,0
6.3283477,0
6.3306706,0
6.3329956,0
6.3353185,0
6.3376414,0
6.3422039,0
6.3445268,0
6.3468497,0
6.3491746,0
6.3514975,0
6.3538225,0
6.3561454,0
6.3584683,0
6.3607933,0
6.3631162,0
6.3654391,0
6.3677641,0
6.370087,0
6.372412,0
6.3809994,0
6.3860661,0
6.3900619,0
6.3934514,0
6.3957743,0
6.3980993,0
6.4004222,0
6.4027451,0
6.4050701,0
6.4101346,0
6.4152388,0
6.4194846,0
6.4225366,0
6.426897,0
6.429222,0
6.4315449,0
6.4338699,0
6.4361928,0
6.4385157,0
6.4408407,0
6.4431636,0
6.4454865,0
6.4478115,0
6.4501343,0
6.4524593,0
6.4547823,0
6.4571052,0
6.4594301,0
6.461753,0
6.4640759,0
6.4664009,0
6.4687238,0
6.4710467,0
6.4733717,0
6.4756946,0
6.4780196,0
6.4803425,0
6.4826654,0
6.4849903,0
6.4873133,0
6.4896382,0
6.4919611,0
6.494284,0
6.496609,0
6.4989319,0
6.5012548,0
6.5035798,0
6.5059027,0
6.5104735,0
6.5127985,0
6.5151214,0
6.5174443,0
6.5197693,0
6.5220922,0
6.5244172,0
6.5267401,0
6.529063,0
6.5313879,0
6.5337108,0
6.5360337,0
6.5383588,0
6.5406817,0
6.5430066,0
6.5453295,0
6.5476524,0
6.5499774,0
6.5585857,0
6.5627836,0
6.5659648,0
6.5682877,0
6.5706127,0
6.5729356,0
6.5752585,0
6.5804605,0
6.5856959,0
6.5898688,0
6.5945064,0
6.5968292,0
6.5991521,0
6.601477,0
6.6038,0
6.6061249,0
6.6084478,0
6.6107707,0
6.6130957,0
6.6154186,0
6.6177415,0
6.6200665,0
6.6223894,0
6.6247144,0
6.6270373,0
6.6293602,0
6.6316852,0
6.634008,0
6.636331,0
6.638656,0
6.6409788,0
6.6433038,0
6.6485121,0
6.6527017,0
6.6557871,0
6.6581121,0
6.660435,0
6.6627599,0
6.6650829,0
6.6674058,0
6.6697307,0
6.6720536,0
6.6764057,0
6.6787286,0
6.6810515,0
6.6833765,0
6.6856994,0
6.6880244,0
6.6903473,0
6.6926701,0
6.6949951,0
6.697318,0
6.699643,0
6.7019659,0
6.7042888,0
6.7066138,0
6.7089367,0
6.7112596,0
6.7164262,0
6.7203554,0
6.7253053,0
6.7294532,0
6.732772,0
6.7350969,0
6.7374198,0
6.7397427,0
6.7420677,0
6.7443906,0
6.7493843,0
6.7543947,0
6.7587384,0
6.7618113,0
6.7668572,0
6.7710134,0
6.7742029,0
6.7765279,0
6.7788508,0
6.7811758,0
6.7834987,0
6.7858216,0
6.7881466,0
6.7904695,0
6.7927924,0
6.7951173,0
6.7974402,0
6.7997652,0
6.8020881,0
6.804411,0
6.806736,0
6.8090589,0
6.8113818,0
6.8137068,0
6.8160297,0
6.8183547,0
6.8206776,0
6.8230005,0
6.8253255,0
6.8276484,0
6.8299713,0
6.8322963,0
6.8346192,0
6.8369441,0
6.8392671,0
6.843592,0
6.8459149,0
6.8482399,0
6.8505628,0
6.8528857,0
6.8552107,0
6.8575336,0
6.8598565,0
6.8621814,0
6.8671689,0
6.8712669,0
6.8745043,0
6.8768272,0
6.8791522,0
6.8814751,0
6.8838,0
6.8861229,0
6.8884458,0
6.8934292,0
6.8973354,0
6.9006708,0
6.9029957,0
6.9053186,0
6.9076415,0
6.9099665,0
6.9122894,0
6.9146123,0
6.9195935,0
6.924606,0
6.9289685,0
6.931858,0
6.9341809,0
6.939358,0
6.9434746,0
6.9467829,0
6.9491079,0
6.9514308,0
6.9537537,0
6.9560787,0
6.9584016,0
6.9607266,0
6.9630495,0
6.9653724,0
6.9676974,0
6.9700203,0
6.9723432,0
6.9746682,0
6.976991,0
6.9793161,0
6.9816389,0
6.9839618,0
6.9862868,0
6.9886097,0
6.9909326,0
6.9932576,0
6.9955805,0
6.9979055,0
7.0002284,0
7.0025513,0
7.0048763,0
7.0093221,0
7.011645,0
7.0139679,0
7.0162929,0
7.0186158,0
7.0209407,0
7.0232636,0
7.0255865,0
7.0279115,0
7.0302344,0
7.0325573,0
7.0348823,0
7.0372052,0
7.0395302,0
7.0418531,0
7.044176,0
7.046501,0
7.0488239,0
7.0511468,0
7.0534718,0
7.0557947,0
7.0581176,0
7.0632342,0
7.0672987,0
7.0705904,0
7.0729133,0
7.0752362,0
7.0775612,0
7.0798841,0
7.0822091,0
7.084532,0
7.089682,0
7.0975256,0
7.1017943,0
7.1049235,0
7.1072485,0
7.1095714,0
7.1118964,0
7.1142193,0
7.1165422,0
7.1188672,0
7.1211901,0
7.123513,0
7.1258379,0
7.1281608,0
7.1304837,0
7.1328087,0
7.1379983,0
7.142042,0
7.1453732,0
7.1476961,0
7.150019,0
7.152344,0
7.1546669,0
7.1569919,0
7.1593148,0
7.1616377,0
7.1639627,0
7.1662855,0
7.1686085,0
7.1709334,0
7.1753314,0
7.1776542,0
7.1799792,0
7.1823021,0
7.184625,0
7.18695,0
7.1892729,0
7.1915979,0
7.1939208,0
7.1962437,0
7.1985687,0
7.2008916,0
7.2032144,0
7.2055394,0
7.2078623,0
7.2101873,0
7.2125102,0
7.2148332,0
7.2171581,0
7.219481,0
7.2218039,0
7.2241289,0
7.2264518,0
7.2287768,0
7.233858,0
7.2379497,0
7.2411579,0
7.2434808,0
7.2458037,0
7.2481288,0
7.2504516,0
7.2527766,0
7.2550995,0
7.2629078,0
7.2679453,0
7.2721765,0
7.2752869,0
7.2776098,0
7.2799327,0
7.2822577,0
7.2845805,0
7.2869056,0
7.2892285,0
7.2915514,0
7.2938763,0
7.2961992,0
7.2985221,0
7.3008471,0
7.30317,0
7.3054929,0
7.3105887,0
7.3148575,0
7.3179532,0
7.3202761,0
7.322599,0
7.324924,0
7.3272469,0
7.3295698,0
7.3318948,0
7.3342177,0
7.3365427,0
7.3388656,0
7.3432718,0
7.3455968,0
7.3479197,0
7.3502447,0
7.3525676,0
7.3548905,0
7.3572155,0
7.3595384,0
7.3618613,0
7.3641863,0
7.3665092,0
7.3688321,0
7.371157,0
7.3734799,0
7.3758049,0
7.3781278,0
7.3804507,0
7.3827757,0
7.3850986,0
7.3874215,0
7.3897465,0
7.3920694,0
7.3943944,0
7.3967173,0
7.3990401,0
7.4040193,0
7.4081193,0
7.411413,0
7.4137359,0
7.4160588,0
7.4183838,0
7.4207067,0
7.4249568,0
7.4272816,0
7.4355587,0
7.4428024,0
7.4500148,0
7.4539815,0
7.4572981,0
7.4596231,0
7.461946,0
7.4642689,0
7.4665939,0
7.4689168,0
7.4712417,0
7.4735646,0
7.4758875,0
7.4808208,0
7.4848792,0
7.4880416,0
7.4903645,0
7.4926895,0
7.4950124,0
7.4973374,0
7.4996603,0
7.5019832,0
7.5043082,0
7.5085748,0
7.5108998,0
7.5132227,0
7.5155456,0
7.5178706,0
7.5201935,0
7.5225185,0
7.5248414,0
7.5271643,0
7.5294893,0
7.5318122,0
7.534135,0
7.53646,0
7.5387829,0
7.5411079,0
7.5434308,0
7.5457537,0
7.5480787,0
7.5504016,0
7.5527245,0
7.5550495,0
7.5573724,0
7.5596974,0
7.5620203,0
7.5643432,0
7.5666682,0
7.568991,0
7.5740661,0
7.5782536,0
7.5816097,0
7.5839326,0
7.5862555,0
7.5885805,0
7.5930388,0
7.5953617,0
7.5976846,0
7.602695,0
7.6067095,0
7.611697,0
7.6158928,0
7.6192241,0
7.6215469,0
7.6238699,0
7.6261948,0
7.6285177,0
7.6308406,0
7.6331656,0
7.6354885,0
7.6378135,0
7.6401364,0
7.6424593,0
7.6447843,0
7.6471072,0
7.6494301,0
7.6517551,0
7.654078,0
7.6591571,0
7.66328,0
7.6666196,0
7.6689445,0
7.6712674,0
7.6755903,0
7.6779153,0
7.6802382,0
7.6825611,0
7.6848861,0
7.687209,0
7.6895319,0
7.6918569,0
7.6941797,0
7.6965026,0
7.6988276,0
7.7011506,0
7.7034755,0
7.7057984,0
7.7081213,0
7.7104463,0
7.7127692,0
7.7150921,0
7.7174171,0
7.71974,0
7.722065,0
7.7243879,0
7.7267108,0
7.7290358,0
7.7313587,0
7.7336816,0
7.7360065,0
7.7383294,0
7.7433773,0
7.7475648,0
7.7507898,0
7.7531127,0
7.7554377,0
7.7577606,0
7.7600856,0
7.7624085,0
7.7647314,0
7.7670563,0
7.7721334,0
7.7761146,0
7.7811604,0
7.7853416,0
7.7884645,0
7.7907895,0
7.7931124,0
7.7954374,0
7.7977603,0
7.8000832,0
7.8024082,0
7.8047311,0
7.807054,0
7.809379,0
7.8117019,0
7.8140268,0
7.8163497,0
7.8186726,0
7.8209976,0
7.8233205,0
7.828333,0
7.8324621,0
7.8355621,0
7.837885,0
7.84021,0
7.8445579,0
7.8468829,0
7.8492058,0
7.8515287,0
7.8538537,0
7.8561765,0
7.8584995,0
7.8608244,0
7.8631473,0
7.8654723,0
7.8677952,0
7.8701181,0
7.8724431,0
7.874766,0
7.8770889,0
7.8794139,0
7.8817368,0
7.8840618,0
7.8863846,0
7.8887075,0
7.8910325,0
7.8933554,0
7.8956783,0
7.8980033,0
7.9003262,0
7.9026512,0
7.9049741,0
7.907297,0
7.9122908,0
7.9162865,0
7.9195844,0
7.9219073,0
7.9261906,0
7.9285135,0
7.9308385,0
7.9331614,0
7.9354843,0
7.9378093,0
7.9427489,0
7.9465905,0
7.9514738,0
7.9621987,0
7.9661445,0
7.9693653,0
7.9716882,0
7.9740132,0
7.9763361,0
7.9786611,0
7.980984,0
7.9858298,0
7.9895631,0
7.9928256,0
8.0009443,0
8.0045213,0
8.008415,0
8.0131046,0
8.0168088,0
8.0201816,0
8.0225045,0
8.0248274,0
8.0271524,0
8.0294753,0
8.0317982,0
8.0341232,0
8.0364461,0
8.0387711,0
8.041094,0
8.0434169,0
8.0457419,0
8.0480648,0
8.0503877,0
8.0527127,0
8.0550356,0
8.0573605,0
8.0596834,0
8.0620063,0
8.0643313,0
8.0666542,0
8.0689771,0
8.0713021,0
8.073625,0
8.07595,0
8.0782729,0
8.0832854,0
8.0874562,0
8.0918063,0
8.094129,0
8.096454,0
8.0987769,0
8.1011019,0
8.1034248,0
8.1057477,0
8.1080727,0
8.1131581,0
8.1173476,0
8.1223934,0
8.1265955,0
8.1296975,0
8.1320225,0
8.1343454,0
8.1366683,0
8.1389933,0
8.1413162,0
8.1436412,0
8.1459641,0
8.148287,0
8.1506119,0
8.1529348,0
8.1552578,0
8.1575828,0
8.1599057,0
8.1622306,0
8.1645535,0
8.1668764,0
8.1720097,0
8.1764201,0
8.1794909,0
8.1818159,0
8.1841388,0
8.1864617,0
8.1887867,0
8.1911096,0
8.1934325,0
8.1957575,0
8.1980804,0
8.2004054,0
8.2027283,0
8.2050512,0
8.2073761,0
8.209699,0
8.212022,0
8.2143469,0
8.2166698,0
8.2189948,0
8.2213177,0
8.2236406,0
8.2259656,0
8.2282885,0
8.2306114,0
8.2329364,0
8.2352593,0
8.2375843,0
8.2399072,0
8.2422301,0
8.244555,0
8.246878,0
8.2492029,0
8.2542842,0
8.25868,0
8.2618424,0
8.2641674,0
8.2664903,0
8.2688132,0
8.2711382,0
8.2734611,0
8.2757861,0
8.278109,0
8.2831298,0
8.2872839,0
8.2923193,0
8.2964859,0
8.2998213,0
8.3021442,0
8.3044692,0
8.3067921,0
8.31194,0
8.31594,0
8.3192003,0
8.3215254,0
8.3238483,0
8.3261732,0
8.3284961,0
8.330819,0
8.333144,0
8.3354669,0
8.3377898,0
8.3422585,0
8.3453856,0
8.3477085,0
8.3500314,0
8.3523564,0
8.3546793,0
8.3570022,0
8.3619605,0
8.3659625,0
8.3691063,0
8.3714291,0
8.3737521,0
8.376077,0
8.3784,0
8.3807249,0
8.3830478,0
8.3853707,0
8.3876957,0
8.3900186,0
8.3923415,0
8.3946665,0
8.3969894,0
8.3993144,0
8.4016373,0
8.4039602,0
8.4062852,0
8.4086081,0
8.410931,0
8.4132559,0
8.4155788,0
8.4179038,0
8.4202267,0
8.4250329,0
8.42916,0
8.4322537,0
8.4345766,0
8.4369016,0
8.4392245,0
8.4415474,0
8.4438724,0
8.4461953,0
8.4485203,0
8.4531994,0
8.456989,0
8.4601098,0
8.4681826,0
8.4785909,0
8.4833034,0
8.4866929,0
8.4898929,0
8.4945325,0
8.4980512,0
8.5012616,0
8.5035845,0
8.5059094,0
8.509647,0
8.5119719,0
8.5142948,0
8.5166177,0
8.5189427,0
8.5212656,0
8.5235906,0
8.5259135,0
8.5305531,0
8.5338884,0
8.5372217,0
8.5405092,0
8.5436154,0
8.5469675,0
8.5500821,0
8.5534216,0
8.5615112,0
8.5647611,0
8.5680549,0
8.5712048,0
8.5827256,0
8.5932088,0
8.6125754,0
8.6206795,0
8.6402252,0
8.6596833,0
8.6791853,0
8.7012622,0
8.7205829,0
8.7399828,0
8.7593431,0
8.7780325,0
8.7972845,0
8.8166177,0
8.8360842,0
8.8582215,0
8.8776589,0
8.8971733,0
8.9166107,0
8.9360752,0
8.9468459,0
8.9664041,0
8.9857894,0
8.9939269,0
9.0133184,0
9.0241329,0
9.0433806,0
9.0619097,0
9.0808033,0
9.0994969,0
9.1208655,0
9.1402425,0
9.159534,0
9.1789485,0
9.2010421,0
9.2203627,0
9.2398626,0
9.2593979,0
9.281804,0
9.2934893,0
9.3075788,0
9.3111579,0
9.3145038,0
9.3168266,0
9.3191495,0
9.3277453,0
9.331537,0
9.3345078,0
9.3428327,0
9.3507348,0
9.3547931,0
9.357916,0
9.3602409,0
9.3625639,0
9.3648867,0
9.3672117,0
9.3695346,0
9.3718596,0
9.3741825,0
9.3765054,0
9.3788304,0
9.3811533,0
9.3834762,0
9.3858012,0
9.3881241,0
9.3904491,0
9.392772,0
9.3950949,0
9.3974198,0
9.3997428,0
9.4020656,0
9.4043906,0
9.4067135,0
9.4090385,0
9.4113614,0
9.4136843,0
9.4160093,0
9.4183322,0
9.4206551,0
9.4254969,0
9.4278217,0
9.4301446,0
9.4324675,0
9.4347925,0
9.4371154,0
9.4394383,0
9.4417633,0
9.4440862,0
9.4464112,0
9.4487341,0
9.451057,0
9.453382,0
9.4557049,0
9.4580298,0
9.4603527,0
9.4626757,0
9.4650006,0
9.4673235,0
9.4696464,0
9.4719714,0
9.4742943,0
9.4766172,0
9.4789422,0
9.4812651,0
9.4835901,0
9.485913,0
9.4882359,0
9.4905609,0
9.4928837,0
9.4952066,0
9.5007629,0
9.5048295,0
9.5093274,0
9.5116524,0
9.5139753,0
9.5162982,0
9.5186232,0
9.5209461,0
9.523269,0
9.525594,0
9.5279169,0
9.5302418,0
9.5325647,0
9.5348876,0
9.5372126,0
9.5395355,0
9.5418584,0
9.5441834,0
9.5465063,0
9.5488313,0
9.5511542,0
9.5534771,0
9.5558021,0
9.558125,0
9.5604479,0
9.5627728,0
9.5650957,0
9.5674207,0
9.5697436,0
9.5720665,0
9.5743915,0
9.5767144,0
9.5790373,0
9.5813623,0
9.5836852,0
9.5860102,0
9.5883331,0
9.5928352,0
9.595158,0
9.597483,0
9.5998059,0
9.6021309,0
9.6044538,0
9.6067767,0
9.6091017,0
9.6114246,0
9.6137496,0
9.6160725,0
9.6183954,0
9.6207203,0
9.6230433,0
9.6253662,0
9.6276911,0
9.6300141,0
9.632339,0
9.6346619,0
9.6369848,0
9.6393098,0
9.6416327,0
9.6439556,0
9.6462806,0
9.6486035,0
9.6509264,0
9.6532514,0
9.6555743,0
9.6578993,0
9.6602222,0
9.6625451,0
9.6648701,0
9.667193,0
9.6695179,0
9.6718408,0
9.6763554,0
9.6786783,0
9.6810033,0
9.6833262,0
9.6856491,0
9.6879741,0
9.6902969,0
9.6926199,0
9.6949448,0
9.6972677,0
9.6995927,0
9.7019156,0
9.7042385,0
9.7065635,0
9.7088864,0
9.7112093,0
9.7135343,0
9.7158572,0
9.7181801,0
9.7205051,0
9.722828,0
9.725153,0
9.7274758,0
9.7297987,0
9.7321237,0
9.7344466,0
9.7367695,0
9.7390945,0
9.7414174,0
9.7437424,0
9.7460653,0
9.7483882,0
9.7507132,0
9.7530361,0
9.755359,0
9.7598798,0
9.7622027,0
9.7645277,0
9.7668506,0
9.7691735,0
9.7714985,0
9.7738214,0
9.7761442,0
9.7784692,0
9.7807921,0
9.7831172,0
9.78544,0
9.7877629,0
9.7900879,0
9.7924108,0
9.7947337,0
9.7970587,0
9.7993816,0
9.8017066,0
9.8040295,0
9.8063524,0
9.8086774,0
9.8110003,0
9.8133232,0
9.8156481,0
9.817971,0
9.820296,0
9.8226189,0
9.8249418,0
9.8272668,0
9.8295897,0
9.8319126,0
9.8342376,0
9.8365605,0
9.8388855,0
9.8433938,0
9.8457167,0
9.8480396,0
9.8503646,0
9.8526875,0
9.8550124,0
9.8573354,0
9.8596582,0
9.8619833,0
9.8643062,0
9.8666311,0
9.868954,0
9.8712769,0
9.8736019,0
9.8759248,0
9.8782477,0
9.8805727,0
9.8828956,0
9.8852185,0
9.8875435,0
9.8898664,0
9.8921914,0
9.8945143,0
9.8968372,0
9.8991621,0
9.901485,0
9.9038079,0
9.9061329,0
9.9084558,0
9.9107808,0
9.9131037,0
9.9154266,0
9.9177516,0
9.9200745,0
9.9223995,0
9.9269141,0
9.929239,0
9.9315619,0
9.9338848,0
9.9362098,0
9.9385327,0
9.9408577,0
9.9431806,0
9.9455035,0
9.9478285,0
9.9501514,0
9.9524743,0
9.9547993,0
9.9571222,0
9.9594471,0
9.96177,0
9.9640929,0
9.9664179,0
9.9687408,0
9.9710637,0
9.9733887,0
9.9757116,0
9.9780366,0
9.9803595,0
9.9826824,0
9.9850074,0
9.9873303,0
9.9896532,0
9.9919782,0
9.994301,0
9.9966261,0
9.998949,0
10.001272,0
10.003597,0
10.00592,0
10.010422,0
10.012747,0
10.01507,0
10.017393,0
10.019718,0
10.02204,0
10.024365,0
10.026688,0
10.029011,0
10.031336,0
10.033659,0
10.035982,0
10.038307,0
10.04063,0
10.042955,0
10.045278,0
10.047601,0
10.049926,0
10.052249,0
10.054571,0
10.056896,0
10.059219,0
10.061544,0
10.063867,0
10.06619,0
10.068515,0
10.070838,0
10.073161,0
10.075486,0
10.077809,0
10.080134,0
10.082457,0
10.08478,0
10.087105,0
10.089427,0
10.093932,0
10.096255,0
10.09858,0
10.100902,0
10.103225,0
10.10555,0
10.107873,0
10.110198,0
10.112521,0
10.114844,0
10.117169,0
10.119492,0
10.121815,0
10.12414,0
10.126463,0
10.128788,0
10.131111,0
10.133433,0
10.135758,0
10.138081,0
10.140404,0
10.142729,0
10.145052,0
10.147377,0
10.1497,0
10.152023,0
10.154348,0
10.156671,0
10.158994,0
10.161319,0
10.163642,0
10.165964,0
10.168289,0
10.170612,0
10.172937,0
10.177433,0
10.179756,0
10.182081,0
10.184404,0
10.186729,0
10.189052,0
10.191375,0
10.1937,0
10.196023,0
10.198345,0
10.20067,0
10.202993,0
10.205318,0
10.207641,0
10.209964,0
10.212289,0
10.214612,0
10.216935,0
10.21926,0
10.221583,0
10.223908,0
10.226231,0
10.228554,0
10.230879,0
10.233201,0
10.235524,0
10.237849,0
10.240172,0
10.242497,0
10.24482,0
10.247143,0
10.249468,0
10.251791,0
10.254114,0
10.258628,0
10.260951,0
10.263276,0
10.265599,0
10.267922,0
10.270247,0
10.27257,0
10.274895,0
10.277218,0
10.279541,0
10.281866,0
10.284189,0
10.286512,0
10.288836,0
10.291159,0
10.293484,0
10.295807,0
10.29813,0
10.300455,0
10.302778,0
10.305101,0
10.307426,0
10.309749,0
10.312074,0
10.314397,0
10.31672,0
10.319045,0
10.321368,0
10.32369,0
10.326015,0
10.328338,0
10.330663,0
10.332986,0
10.335309,0
10.337634,0
10.342134,0
10.344457,0
10.346782,0
10.349105,0
10.351428,0
10.353753,0
10.356076,0
10.358399,0
10.360723,0
10.363046,0
10.365369,0
10.367694,0
10.370017,0
10.372342,0
10.374665,0
10.376988,0
10.379313,0
10.381636,0
10.383959,0
10.386284,0
10.388607,0
10.390932,0
10.393254,0
10.395577,0
10.397902,0
10.400225,0
10.402548,0
10.404873,0
10.407196,0
10.409521,0
10.411844,0
10.414167,0
10.416492,0
10.418815,0
10.42114,0
10.42564,0
10.427965,0
10.430288,0
10.43261,0
10.434935,0
10.437258,0
10.439583,0
10.441906,0
10.444229,0
10.446554,0
10.448877,0
10.4512,0
10.453525,0
10.455848,0
10.458173,0
10.460496,0
10.462819,0
10.465144,0
10.467466,0
10.469789,0
10.472114,0
10.474437,0
10.476762,0
10.479085,0
10.481408,0
10.483733,0
10.486056,0
10.488379,0
10.490704,0
10.493027,0
10.495352,0
10.497675,0
10.499997,0
10.502322,0
10.504645,0
10.509145,0
10.511468,0
10.513793,0
10.516116,0
10.518439,0
10.520764,0
10.523087,0
10.52541,0
10.527735,0
10.530058,0
10.532383,0
10.534706,0
10.537028,0
10.539353,0
10.541676,0
10.543999,0
10.546324,0
10.548647,0
10.55097,0
10.553295,0
10.555618,0
10.557943,0
10.560266,0
10.562589,0
10.564914,0
10.567237,0
10.569559,0
10.571885,0
10.574207,0
10.576532,0
10.578855,0
10.581178,0
10.583503,0
10.585826,0
10.588149,0
10.592662,0
10.594986,0
10.597309,0
10.599632,0
10.601957,0
10.60428,0
10.606603,0
10.608928,0
10.611251,0
10.613576,0
10.619172,0
10.623407,0
10.62573,0
10.628055,0
10.630378,0
10.632701,0
10.635026,0
10.637349,0
10.639672,0
10.641996,0
10.644319,0
10.646644,0
10.648967,0
10.65129,0
10.653615,0
10.655938,0
10.658261,0
10.660586,0
10.662909,0
10.665232,0
10.667557,0
10.66988,0
10.672205,0
10.676705,0
10.679028,0
10.681352,0
10.683675,0
10.685998,0
10.688323,0
10.690646,0
10.692969,0
10.695294,0
10.697617,0
10.699942,0
10.702265,0
10.704588,0
10.706913,0
10.709236,0
10.711559,0
10.713883,0
10.716206,0
10.718531,0
10.720854,0
10.723177,0
10.725502,0
10.727825,0
10.730148,0
10.732473,0
10.734796,0
10.737121,0
10.739444,0
10.741767,0
10.744092,0
10.746415,0
10.748737,0
10.751062,0
10.753385,0
10.77255,0
10.793385,0
10.81257,0
10.831864,0
10.847795,0
10.858572,0
10.861964,0
10.865116,0
10.869772,0
10.873203,0
10.876568,0
10.879709,0
10.883036,0
10.886209,0
10.889576,0
10.894216,0
10.897713,0
10.900893,0
10.904322,0
10.907428,0
10.909751,0
10.912074,0
10.914399,0
10.916722,0
10.919047,0
10.92137,0
10.925215,0
10.927538,0
10.929863,0
10.932186,0
10.934509,0
10.936834,0
10.939157,0
10.941482,0
10.943805,0
10.946128,0
10.948453,0
10.950776,0
10.95548,0
10.960232,0
10.964159,0
10.968938,0
10.973746,0
10.978682,0
10.982538,0
10.985861,0
10.988186,0
10.990509,0
10.995473,0
11.000438,0
11.004429,0
11.008788,0
11.011113,0
11.013436,0
11.015761,0
11.018083,0
11.020406,0
11.022731,0
11.025054,0
11.027377,0
11.029702,0
11.032025,0
11.03435,0
11.036673,0
11.038996,0
11.041321,0
11.043644,0
11.045967,0
11.048292,0
11.050614,0
11.052939,0
11.055262,0
11.057585,0
11.05991,0
11.065291,0
11.069646,0
11.072727,0
11.07505,0
11.077375,0
11.079698,0
11.082023,0
11.084345,0
11.086668,0
11.088993,0
11.093831,0
11.096154,0
11.098479,0
11.100802,0
11.103125,0
11.105449,0
11.107772,0
11.110095,0
11.11242,0
11.114743,0
11.117068,0
11.119391,0
11.121714,0
11.127212,0
11.13272,0
11.136789,0
11.142285,0
11.146524,0
11.148847,0
11.151172,0
11.153495,0
11.155818,0
11.158143,0
11.160466,0
11.162791,0
11.165114,0
11.167437,0
11.169762,0
11.172084,0
11.176924,0
11.179247,0
11.181572,0
11.183895,0
11.18622,0
11.188543,0
11.190866,0
11.193191,0
11.195513,0
11.197836,0
11.200161,0
11.202484,0
11.204809,0
11.207132,0
11.209455,0
11.21178,0
11.214103,0
11.216426,0
11.218751,0
11.221074,0
11.223399,0
11.225722,0
11.228044,0
11.230369,0
11.235867,0
11.239934,0
11.242257,0
11.24458,0
11.246905,0
11.249228,0
11.251553,0
11.253876,0
11.256198,0
11.26104,0
11.263365,0
11.265688,0
11.268011,0
11.270336,0
11.272659,0
11.274984,0
11.277307,0
11.279629,0
11.281954,0
11.284277,0
11.2866,0
11.288925,0
11.291248,0
11.296748,0
11.300981,0
11.303304,0
11.305629,0
11.311127,0
11.315356,0
11.317679,0
11.320002,0
11.322327,0
11.32465,0
11.326975,0
11.329298,0
11.331621,0
11.333946,0
11.336269,0
11.338592,0
11.343435,0
11.34576,0
11.348083,0
11.350408,0
11.352731,0
11.355054,0
11.357379,0
11.359702,0
11.362025,0
11.36435,0
11.366673,0
11.368998,0
11.371321,0
11.373643,0
11.375968,0
11.378291,0
11.380614,0
11.382939,0
11.385262,0
11.387587,0
11.38991,0
11.392233,0
11.394558,0
11.396881,0
11.399204,0
11.404716,0
11.408952,0
11.411274,0
11.413599,0
11.415922,0
11.418245,0
11.42057,0
11.422893,0
11.427862,0
11.431031,0
11.433353,0
11.435676,0
11.438001,0
11.440324,0
11.442647,0
11.444972,0
11.447295,0
11.44962,0
11.451943,0
11.454266,0
11.456591,0
11.458914,0
11.461237,0
11.466762,0
11.470993,0
11.473316,0
11.475641,0
11.481138,0
11.485207,0
11.48753,0
11.489855,0
11.492178,0
11.494501,0
11.496826,0
11.499149,0
11.501472,0
11.503797,0
11.50612,0
11.510961,0
11.513284,0
11.515609,0
11.517932,0
11.520255,0
11.52258,0
11.524903,0
11.527226,0
11.529551,0
11.531874,0
11.534196,0
11.536521,0
11.538844,0
11.541169,0
11.543492,0
11.545815,0
11.54814,0
11.550463,0
11.552788,0
11.555111,0
11.557434,0
11.559759,0
11.562082,0
11.564405,0
11.56673,0
11.569052,0
11.574554,0
11.578786,0
11.581109,0
11.583434,0
11.585757,0
11.588079,0
11.592913,0
11.595236,0
11.597559,0
11.599883,0
11.602206,0
11.604531,0
11.606854,0
11.609177,0
11.611502,0
11.613825,0
11.616148,0
11.618473,0
11.620796,0
11.623121,0
11.625444,0
11.627767,0
11.630092,0
11.635587,0
11.639658,0
11.641981,0
11.644306,0
11.646629,0
11.652125,0
11.656356,0
11.658679,0
11.661004,0
11.663327,0
11.66565,0
11.667975,0
11.670298,0
11.67262,0
11.677452,0
11.679775,0
11.6821,0
11.684423,0
11.686745,0
11.68907,0
11.691393,0
11.693718,0
11.696041,0
11.698364,0
11.700689,0
11.703012,0
11.705335,0
11.70766,0
11.709983,0
11.712308,0
11.714631,0
11.716953,0
11.719279,0
11.721601,0
11.723924,0
11.726249,0
11.728572,0
11.730897,0
11.73322,0
11.735543,0
11.737868,0
11.740191,0
11.745689,0
11.749926,0
11.752249,0
11.754574,0
11.759412,0
11.761737,0
11.764059,0
11.766382,0
11.768707,0
11.77103,0
11.773353,0
11.775678,0
11.778001,0
11.780326,0
11.782649,0
11.784972,0
11.787297,0
11.78962,0
11.791943,0
11.794268,0
11.79659,0
11.798915,0
11.804417,0
11.808647,0
11.81097,0
11.813294,0
11.815617,0
11.821113,0
11.82518,0
11.827505,0
11.829828,0
11.832151,0
11.834476,0
11.836799,0
11.839123,0
11.843953,0
11.846276,0
11.848601,0
11.850923,0
11.853246,0
11.855571,0
11.857894,0
11.860219,0
11.862542,0
11.864865,0
11.86719,0
11.869513,0
11.871836,0
11.874161,0
11.876484,0
11.878809,0
11.881132,0
11.883454,0
11.885779,0
11.888102,0
11.890425,0
11.89275,0
11.895073,0
11.897398,0
11.899721,0
11.902044,0
11.904369,0
11.906692,0
11.909015,0
11.914515,0
11.91875,0
11.921073,0
11.923396,0
11.928235,0
11.930558,0
11.932883,0
11.935206,0
11.937529,0
11.939854,0
11.942177,0
11.9445,0
11.946825,0
11.949148,0
11.951473,0
11.953796,0
11.956118,0
11.958443,0
11.960766,0
11.963089,0
11.965414,0
11.967737,0
11.970062,0
11.97556,0
11.979627,0
11.98195,0
11.984275,0
11.986597,0
11.992106,0
11.996166,0
11.998489,0
12.000814,0
