FeatureID	PC1	PC2	PC3
1dfd93252189d5f6379d080329d02b90	-0.00135361247535713	0.0675268344338599	-0.0621844402273783
9f37ea8fc98ed002763b09999599d50b	0.0021601981036617	0.0120980875375096	-0.0187590929522887
8d9c6471c56fec7f6f12901329f760c3	0.00365597907524695	0.00285502736489149	0.0262351502651093
6ce5aa63286779c0b683cae7e1a032a3	0.0294113856530397	0.024349899387875	0.0208675446242595
0f0e245d94fff65bc57adfe29c5dcca2	0.0400626272859296	0.00211440183583635	0.0278080097112843
f694e0b8f798bbb7e68fdbb525debdc5	0.0175743724694215	-0.00488390639399384	0.0121178190547968
26ec961e13440fd80c0b961535a96ac2	-0.0130135907489809	0.0130329612395574	0.00294942678332319
c6d06ba93e0a4a90527e921b7ffeede5	0.00168958301678621	-0.0470218401010594	0.0282294509637761
14f18a54d9f6f6217fe86d429611adab	-0.00300163948984179	-0.00953401866677983	0.0121680355244808
24f3206c21c70feb0d6c47ae4910b80f	-0.0485967187022245	-0.0272136150692459	-0.0532701286332468
da0dcb64abb9372c86e457cd82ca2811	-0.0475060419133739	-0.0391314832404882	-0.0127720065387192
f0b3ae4dbb0764dffe8e3bec5198ba0f	-0.0111366354773802	0.00350948256151091	0.122921322524467
3b87b7c8a3ba9709050d020c8ee9ab78	-0.00464047301726146	0.00459324359944133	0.00114322989523475
675d1a524fa9e99f328bad8ad1a21a90	0.0278787206542021	-0.0166661811906515	-0.0271497967982035
ecc69b7c36ed663ead00b2f15bce7784	0.0405712155628413	0.0738044408255785	0.131673814352124
fc214f34798fcf1a93c8579cc73f16da	0.00972031377774085	-0.0106424421222886	0.026924346489546
d33014dd0ebec739d2ef4ad4c23cdef1	0.0898475429841719	0.0450564443728354	0.0618407977613452
2d16d2334bc6ebe1e1dbf1b005c179db	-0.0463746912200699	-0.0237335716288785	0.0804605240307727
507424a4e305fbe0e990b2bf630a0c5a	0.0026445475877911	-0.0156997317064378	-0.00525618209224992
5e08b6bc20e5df9ec8b67f861346f4df	-0.0305303579571351	-0.0374806891176096	-0.0374688456803166
44146ee228deca9465b1a83f5f38b6a2	0.0189596607169288	0.0310742829345688	-0.0161363843927533
c5ea07eff29fba72258c32f671bf602a	0.00110338791582717	0.00957521206694226	-0.0154786507917547
7fd475e110cb45e5570b11b176225075	0.0398149135720943	0.0254822146891333	0.0263527033274969
3ee918b06043fe5a3ed299eae76e94d9	0.053780566126118	-0.0214103490717842	0.068069471704484
daf3d38c26930e3c9328f64fa6e6a85c	-0.015734629814393	-0.000899759854745578	0.0283095518272247
6b639c3092d26547ef630ac12349cb31	-0.0611642500063168	-0.0301522247112314	-0.0506587502899289
7d139f5f2492499e32da15a5eadee43e	-0.0193236258022546	0.00997304507428634	0.0149668180511551
2058c348cf7363b8f64dd1100cd4aae8	0.064751986822966	-0.00510918747351424	0.079993351324651
0c27811ac5e6819765d49d14d8868c83	-0.000174430259469882	0.00274200566556685	-0.0105063952476056
7c788f2d3c38f646eac9355bba13add7	0.0274478759256488	-0.0340928651524822	0.109203485976988
19a5e21c43c535293f9ca81331a6a490	0.0757264207086059	0.0436705609300165	0.0439238963903528
78f1f6773a2aed7daffb5259b96d443a	0.00317912685758435	0.0359809859438852	-0.0203508892945608
5c378ef4aa0748e650b5558f1d8a7443	-0.0271054082258471	-0.00505434863426578	-0.0200594548302476
8dde0b7246c702e1621a4fb02a3c3529	-0.113074338435511	-0.0493652691986942	0.00241212518956101
569f9699304c276cc13da748f3dc657e	0.0756260105559212	-0.00763972930272793	0.0804631402088237
a375cd8002d663605fadbce8412503e5	-0.000183006076669405	0.00112839586850237	0.000926081089840612
c219d3861671022654bd19fab6eed50a	-0.0352346317387191	0.0218202342201072	0.0242757564514934
d4b937a5826dd3f31f5071f9e1e6153e	-0.00534729554360017	-0.0687019876196431	0.0385755909320457
da08a76d226265d57d03bac4b181d3f9	-0.0129764644825056	-0.0123384789740685	-0.0247273174623285
9ce146b60cee7da6faa68af6b1d9ecb2	-0.0045812268259068	-0.00385331949452997	-0.0150050931763138
521842b7807e448c379d57423a78d050	0.0765820178526062	-0.127900368361212	-0.00259514136454527
5be16a8f4e789e382851f173a46bc85d	-0.0179244849795078	-0.00944653067457855	0.0292360754918112
89b5674718638011d2dfbb01cdb386b2	-5.79997512433003e-05	-0.00362828656776918	-0.0119775790062452
e4b575441dea3d347f2b891798f052b3	0.0273254203636073	0.186101229930641	-0.117655226897836
146af74aa05e3294340e45e56e40e0f0	-0.00704560882871229	-0.00647557032688985	-0.0113180833352869
db1003544de3ab62b42e56b9e003ceb8	0.0424397071987362	-0.0629706416110093	0.0947476662296415
14877d7fe52c112192b97f1a615d93e0	-0.00652648172403072	-0.00705397812894914	-0.0126957973707288
d33b7d493380b98104efec7affdb06e4	0.0209709078865819	0.00377115213957244	0.0631484422464706
fac6bf76362d923e5eefebd81231d717	0.000229403297140807	-0.0171429641180897	0.00689712572894532
f01d6fb237bb46f9ea80e9c8772c78e3	-0.00522589992665112	-0.000660025045101412	0.00598967005647508
9343bacd993354bafd2e3448f2d1b620	-0.00998549195584086	-0.0401858756094709	0.0303472333696476
8cb97787787f6048b7deee2034d2059b	-0.008933636455624	0.00658918677321563	-0.00115183271430629
c033f9005c50ab0716a0b2015c798d1c	-0.0890149989194966	-0.0554792267780205	-0.0153867218118263
d69836bfabfa1e84d87fd77aa9cfb587	0.0709934758230565	0.0706635810633142	-0.127575851524279
a92fa2cd38cebc35f84cf21d1193c332	-0.00303397704399573	-0.0380526426223113	0.0592420308927915
a29f75c24e3e278d468e0e1a00703e02	-0.0338939071799494	-0.00307426912042911	0.0356762985303998
0d2d569413664158868e03c43b270117	-0.00177347876436364	-0.0372066907192922	0.0125116054761033
909283b75ed116dc1fd72cfe991adb5c	0.0481198268496761	0.0264342819521899	0.0228493788272143
2429229f44dca0c440b7ff692bd2cd95	-0.143237606640849	-0.075802448407225	-0.0700916352920835
fc3ad8d1d2ad3f86ca67c794b9dae391	-0.00277939538942889	0.0193134435267776	2.55198796363076e-06
c20f3d8e8e25979d52302dec711f63fe	0.117408538058087	0.12205951550871	-0.179358920325269
bfd08cef750fe344928907d529936e97	-0.00554112889095626	0.00460869402360636	0.014004548188948
e3c84a174acd4c5a15195cc21908b692	0.0400371394667222	0.00214764122123621	0.0718482293245637
62d255534dd2f1442a1c77e2e082af01	-0.00938314022702326	-0.0540031946799467	0.09579161667431
415f61be55be3ed4b3df43a7c6295830	-0.0288838960210526	-0.0327284091392465	-0.0106648037239439
a9f6fa456148725ebcdc5fcb9fb476ef	-0.00822531525617515	-0.00335598923407479	-0.0139968733403378
cee5c69dfa38e8d0c12d2daaed864efe	-0.0193388362186431	0.0174025444370814	0.00116941933156387
de38f7f11b9f742beed79c4c541e1c1b	-0.00666951787093813	0.00938006362074059	-0.00490172633577545
c9db950fa381f288c8b63ee832fe0f2b	-0.0498248843553143	0.0502577750447537	0.0260183491548794
5a2c6dad96dcfb5963bb44dddc31bb1d	-0.0145846301295843	0.0150196665164752	-0.00275151906267311
270be3ef7ae270ed9f46ca45de4eee7f	0.157055264547869	0.0114996984821504	-0.181498770151134
6cdcdbed0e9f74ba3dd133c06fef315c	-0.0858827658015734	-0.101953494005875	0.0478695718691054
70df7b1bb70695ef2ec1d318bcc7e0cd	0.000861266748124077	0.000459663184162078	0.0204001865638593
22aeb026311249c9ac19e870df79f632	-0.0175951851763802	0.0142872935017634	0.0152957771006116
86f8e4acf4ea1107ac5ba875ba2db757	0.0176240541263285	-0.00165310889321625	-0.0277880795161339
0dc03656b0cdd23af4578500780d6777	0.00409309569207273	-0.00843809515175078	-0.0053774895000032
9ff426b70a44b5c13de782045b91fb5e	-0.0119608951709103	-0.000769319763804739	-0.0152723607211053
b602adb3b347ce8622d0a85930ad7729	-0.00118018498705649	0.10172531470567	-0.0526273708505077
33516891bc6f9fe947ebede8b25831ab	0.0283655813493595	0.0600309089973014	0.0605437558676346
31a1fa0e08a165a3f6985f6a4cea3b1e	0.0574090158937914	0.0965905742405076	0.0685736320562926
1618d1db723a5f78c34aaab0c2be1416	0.0136331720742077	0.0408330297402663	-0.0486706858972915
564f121fdd68a10ce2c526911e668770	-0.0513514916286149	0.0936638773528468	-0.00145125478296027
5011da5df5fd2cc647cb720689fa232f	-0.0688182055385402	0.0647822802222119	0.0360438932549044
e9f2108ab0a81fd182fbed7e40c5c2ce	-0.0122422163842021	-0.00719884357711076	0.02481022647666
4e99ca59b4f017c2551514d7dfdab4e1	0.0159153917246671	-0.0253349260032121	-0.0100123355366896
4cbe49ae0ac24bc62cc63e63c60b3694	0.0236907876430576	0.0129074373483539	0.0101396623441483
ec1cfcd52dccd21b3eab771cab531f60	0.00107370989667326	-0.00839177317705961	-0.00971762173706333
55031fbcf11cb3dadfdbaa13ba1f6c2b	-0.0364173345981215	-0.0220988917975124	-0.00047481588524313
c1c8825596399bfaf0e9b1aa1f60bc71	-0.00296223121008435	0.0358612697177511	-0.026898696568959
a46b3d3f3c729c737ea09ae546a6fbfd	-0.00344505462919287	0.0104058773520797	-0.0199834671488574
d9ad9777be940f0572a9877c37526d5f	-0.0361338595503044	-0.0107266573960413	-0.0466223706298006
32ca615e2d11ac24c49aac761563e301	0.00942774509026926	0.00272878706134291	0.00290274963251111
d4964cd0c28cc50ca11695cd2c439066	-0.0120854722266128	-0.00168687753171017	0.0155726627200276
c730d10877fffb917c48a0543d92ae40	-0.000384278286866632	0.0091737976659478	-0.0191289030734466
334d7b81448aea1cc305b410f0d8ea7a	-0.0333471605235351	-0.0743010132573929	-0.00201227326887266
d83cec686eaa10ead38ca2736212f5b8	0.0172403814673782	-0.0161031287682542	-0.0176220647730278
65bab473caec8ffbf7d2d5bd9b22676f	-0.0233891421236966	0.0181933240550475	0.0141149053099204
81c1f738b87d438079e55b653df49521	-0.0157877692250245	-0.030469905693621	0.0729624784121687
dd2640e070eb889a13614b2303e40b58	0.0641313428247849	0.0687421911023513	-0.0404977037245404
341167411b948616645472ab8a7dac4e	0.0327989590969482	0.0120799062813593	0.0137303410006338
e3390d6b5aa26d2fbcae6ec19433b48c	-0.0184141804650313	0.00360526942078865	0.0124099933402907
36b34522c4279ed31456e8263f826241	-0.0177295349604617	-0.013704353910567	0.0219186999812939
c4c01310edeee845e688141f2df6bab2	0.0814648323749342	0.0493794623026893	0.0658299704648799
ca561aa3f3ef6bd55e34c488b6891750	0.0222371434081633	-0.0198350635349341	-0.0235317310325691
56e20752c621383cd7964d90e41788c9	-0.00522880954043268	-0.0148010161957972	0.0151299706472882
16927e88679b5dc22dd6869ab5c865a0	-0.00830513602884446	-0.0136190106333137	-0.0112895728146618
1a225f4eb04b10761e9540658ae58bc5	0.0263296910816915	-0.0355885319782136	-0.0406653860976271
8771d928e18fd589306a9d83c31f132f	0.0127401110753555	0.0041496957139191	0.0020068866389524
5913496b3245748f8484009192b79dbb	0.0404033095898303	-0.0456060020728695	-0.0327240726749874
bd8df4daed37681c4f2d63551cd23002	-0.0454395859377695	-0.0326837864761068	-0.034577252826328
c891463d3276cf90d308c2398627e74c	0.0416235406786085	-0.0112238324128046	-0.0650850479144233
dd1458acbdbb52c0fe9de74d2dd775bd	0.000274466980148563	-0.00323445371235026	-0.00512418219371543
e26914b185e7adb98a8ef2bfefd23e47	0.200952384169694	0.0202584607371371	-0.259296935169298
ba87397bb5c93d33ff21847c24a5d115	-0.00165271145246328	-0.032516382067357	0.0161247386781143
1504f3b3e4c0bb7fcca9030613b2373f	-0.0471893560787137	0.0634950286651488	0.019758068647538
5acbf24de308a7c58632ed9091730799	0.198961882267551	-0.192146811644564	-0.0789822183473717
c4ca16383087d37324712ee6d78a99d6	-0.0217796560552091	-0.00577166727516202	-0.0328987647686553
b03a1d2255d3c7a011d07767a0176747	-0.00467051684958762	0.0338623558392024	-0.0520984612744014
6ad6023a661a7834ab3209ca186eb064	0.000638057840654291	-0.00333764439448281	-0.00728741893224584
bb335d9d28c25be65dfc0d1dddf6ccd6	0.0271144666377549	-0.0125553870971716	-0.038009653288315
ef06a7732f90a93c4aa7cd1504147bc6	-0.0335153482014919	-0.0237914114926043	-0.0412330110201933
2d6e947f4b700dee8d69fdf462b4294a	0.0318935807201096	0.0225183095945261	0.0261400586339337
bb42830c083050916de12d448ea558c8	0.0345421344130543	-0.00234847978113748	0.0485583589244064
075620895f5c2e73064623466bfd2fba	-0.00590576851310523	-0.0308929347420395	0.0238520649268947
ba1007bdc39df3388fe8ed0be7a905cd	0.0143407696321687	0.00744294083238643	0.00521239791695854
f46ce27b5f10d7e67dcfb3a307685a88	0.0135680188856944	-0.0111757192205601	0.0133196566836941
0433ead0b71e418f71b998ecff520ebc	0.0199262939112907	0.0275634245071355	0.0350208836339255
9e4eebf2ecd0a190a4445d935937b17e	-0.0650569547759069	0.063412247622068	0.036366193443874
192035f862987701092a71a0c3715ce3	0.0159567085183497	0.0100852278884	0.0415461540556804
3b6a0a049d33756f697de73a1a730fee	-0.000816431674121429	-0.0140627354414017	0.0137408169390554
db0a20aced7fca97606272732dabe6f2	-0.0186555484213061	-0.0111117318399992	-0.0222471998761566
3595d71adf5dfc9249114914dda1c6d4	-0.0144586357490736	0.0433434710509518	-0.037102813072852
256193767401ceb4a32ba6d786c58a5e	-0.0171562077898315	0.0141758210679797	0.00434662686362148
9f9a8fa30354e6818374a6ceeb0f961b	-0.00236889136747481	-0.00162334528242197	-0.00492756445472636
571b48220136ba68d56a9d4dc5fd3c94	-0.000801398055151823	-0.0110296852308846	-0.0030693098721499
fe4866d791edb5c56736dee09bcc9d37	-0.0449648139352107	0.000143651584076748	0.0506303629742671
e2ad0576bcfd027c0cf52af25c5cbab6	0.0410217348328465	0.174334661019762	-0.0180193299857115
e75f850e453b5cf997d85b8add77afe6	0.00983416738521053	0.00211349127181064	0.00181906582075867
dc6ffad387ea99f55a80249a28241a83	-0.00493626785822083	0.0251823451613714	-0.026025859075175
d6bedc75c33fff2459552d78e990bc2d	0.000706437049415534	-0.0149585240835366	-0.000815002774298359
c53a8419c8f743a9ae4d467edd7df012	-0.0933084215660872	-0.0888807281578538	-0.0304455113663787
35caeba37d289a9ac1a4751a107c05a1	0.000119890376746579	-0.00246231982251802	-0.00823618729205743
8fef8ceb12694577b9b25e1a307987fe	-0.00933869586674226	0.0109690941471654	0.0289717305699426
6a552d2fd4ae53fe37009e82b3a03aca	-0.032617140489905	-0.000125712413592464	-0.026112732863127
12d89e6e16d126ef1ff60654b5ac0f8b	-0.0103636215015479	0.0111790775747968	0.0417602319256282
e7f5f66db7e2cdd3fbf3d294bb8a1992	-0.0130481624006821	-0.00961612557117069	-0.0230680365946093
7db8578dea209c831e14cdb221f6fb3f	0.0179255428999645	0.00477195200517352	0.00848560906163886
a5b0eb0563065678c0209478fadb2a21	0.0104969709754299	0.0083610987369904	0.0291062720258131
f7bfd61a0e9ce78f4cf353d2b1a25977	0.000975756228913766	-0.0025765952168735	-0.00739083878936694
6d73849e11eafb1d8fcd61622a582c31	-0.0269806223963402	-0.0115755690885205	-0.0292480925988674
c4c3089fe7f8d94b1720711f3d367b34	-0.0720978341227102	-0.0307993538711682	-0.0667267735501307
679c7c01f19e1a062cb1e8df8c8a7a91	-0.0093576707302111	-0.0132532330018722	-0.0147895485085493
d3ec1c9581031b0209337396f84ac416	-0.00241016374782363	0.0450130444904869	-0.0318869210518561
5588f58e2d693257e3d5c1d055f34ba4	0.0997831449287627	-0.150364124819455	-0.0303979542820032
8d9aab96f52a4d471e1c5be58ec57109	0.0444161401391013	-0.0214538657084867	0.0584572358571546
a75c5f52feba1ad82e97b2a8c0464fcc	0.0040236889740829	-0.000663056072408289	-0.0080744895734553
52ec10bc12c3008287da286de9044dbb	-0.000913244602519018	-0.0555047266423977	0.105492867719951
237319b4033378b80c4d13539ea63c4c	-0.000370053439077882	-0.00592802190716536	-0.00117379993043871
6670d2f6f9b9a02341e4410b3fc17cfe	0.0668365713479634	0.00655110398479313	0.104340595897295
8e912de2b7a3ceb0ac6d7ed90745dcd2	-0.0887026635205604	0.0104564118847203	0.0821352301641102
dc417c53d240fae4e1afce7c63f68130	0.0162613621165783	0.0179261739790242	-0.00422690434622327
e5ad14f511cd12526746e513c287166f	0.00317700743622846	-0.00068047445954597	0.0014684521498399
5c7e89b013d730ec4589e42f760a8101	0.0163204229595353	0.0129884824058937	0.0152325367371317
99b15b92d1e4ad0b2086a51a2f2da3d5	-0.017224746795863	0.014676403550475	0.00762798181084182
fe542d2429b758dc2fc9f14a58b60df9	-0.0556274184858437	-0.0190202190520103	-0.055163304544102
174f9229e4d718157ed65ed51024484f	0.0636978079391113	0.0647261938146631	0.0124490968120356
ace966bf6652e02beb15aedd8059458f	0.00600411940806576	0.00110199523783157	0.00305633317104306
16fa9164f4e4a404318fdd620d64c8f9	0.0164375601294379	-0.00677913352160995	-0.00503314195133024
2b4e5b53ebd3a9226d2cb251486123ca	-0.0295705797437081	0.00112073638588998	0.0221042059670989
b6a564e44da28ae5a39f153de064ef1c	-0.00994424704375182	0.0211617869804321	-0.00632907120110807
ac2771e5afbe613952678487cbcfe05b	-0.0563696013908986	-0.0345890609412213	-0.0472518592521613
756a79b153c9972563d085387525442f	-0.0156078870791546	0.00953448665767628	0.0179325017044875
5d16d258bb74e1821ba5a7222e5d0191	-0.00364503517234956	0.000713698622413419	-0.00134806794749626
9d97cd179ef7e3bf65ad9f0dc4d47b61	0.00602492254564956	0.0459185527120015	-0.0384518104274802
ee2b551f4fce389518d5689b4c61b236	0.0282725198337413	0.0184960771380249	0.00826304474073941
d65db4f42afb9e51b28d683454f4fded	-0.0266823318685584	0.00147835719894249	0.0484526450835227
078d4f7694fbfd4e8a816726e49422fb	0.0306165964462265	0.0241335499226556	0.021113792365378
0a7fd7a499775008f0707f4448177408	0.010852073695147	0.0320381048072965	-0.0387651724881839
f479437fd90e520e6bdbbff2fd96277d	0.049128074687102	-0.0197528902450871	-0.0423292685961507
1c7835403a72923def76ea99f608019f	-0.000497202467455508	0.025749104689081	0.0173256412505105
2da47e64d348b56d07bb7f6e9adea4c7	0.0254714110397784	0.000467727887440578	-0.060821587259857
e79e83623b62aafac61e5ad13f0b7dd3	-0.0324801358099437	-0.0165638797876566	-0.0119183483316635
208ced5fcd527c755c4481591a272f3e	-0.018520876691939	-0.0143049285843127	-0.024949195943468
f900ee90b3956fcd109d7692506895f8	-0.0168792657884612	0.0220354734086495	0.000138256590275701
f9ad6320c7460b60c6afb64e31d0275f	0.0246492748122133	-0.0326404874269912	-0.0318740288834197
229ea326a6fa511bcaf0dfb171c5253e	-0.000357564322122343	0.000603311427329121	0.00982045778237966
639b7697818c492b4b57703072313986	-0.0108102226440186	0.00133483821713238	0.00268922796968811
9ab3d179efa59de76860deb79c6c7840	-0.00477952489131175	-0.0107697111771362	0.00742626375835263
bc0dcfd98adb1432fcd9d846f226d8e4	-0.00768378900684415	-0.00793947517791274	0.00845681194995931
32d1cc99e37caba1808632e1a02ed022	-0.0501665708077486	-0.0217000734742605	0.0635804940212446
6d52e80de4b81dce487dc48d5285425e	-0.0446155128270594	0.00660147360328442	0.0481864623929114
36e0c3a855e796c8809a19358918620e	-0.0483750730362426	-0.0382842261198886	-0.0525697659955978
434336babb1db1c102dee1971f2aaa54	0.00558561139279634	0.0167692147305187	-0.0133876419397448
a7d2da161bada0fd6dc593c59074cfcd	0.00852011364305219	0.00129516336578859	0.00274760283245885
b595ddef139e182569dd4f19d2f4ce74	-0.0079294311535762	-0.0387271481070814	0.0163730410336124
106d9ae44d542cd38d36a4c863cc004b	-0.00984874333521553	0.00757677150582496	-0.00202091600146962
954277c32a2b6ebe63644a1dcfc28cad	0.0313830974199964	0.0181468819086507	0.0382422249816522
defd782bc24e0ce83e7a91c45d925c2b	0.0323928797274534	0.0594775095610985	-0.0736421594084567
bb9516863fa237b34ce07b37705e006d	0.00920725801032472	-0.000357711456764717	0.0127163937134067
cd3182a449b17cfb2523bd9f73d3208f	0.0296319774538575	0.0367607344617581	0.0343915537446787
d3075f76e6406a79d86ac51ef278b619	0.00694563695354029	0.00228811795241871	-0.019525477118285
8540c713b5b72ac1953acf7a9c3517af	-0.0192473226654306	0.0173081083402502	0.00125638433765442
790d62f41d2a1c6c063f4c8a8365dc58	0.00810983268104069	0.0331923484102185	-0.0422233800484049
ff2571075286d9557209cdc325392c34	0.0201131251077708	0.0144829467081159	0.0101030653969936
e98e6a3a173add8015f128147fb1c6f0	-0.031858321075878	0.00215210749088307	0.0299787330734742
6aa186dd8f44d93dd6eadfc893a90215	0.0223302112403688	0.023228171094229	0.0196393702848902
7950bb23c70ac776c7207b16a2b92101	0.0209913078600468	0.133571735181437	-0.0239160823820039
921e36919fb3f2ad734913d1d026b65c	0.0367368825207052	0.0115118152893175	0.0289927504107239
243752794c7bd362e106ce84e9a751b4	-0.00967112027616234	-0.00508753661724007	0.00901525325078202
56427bb9830ae68bdb7682b9a9f7b580	-0.0450405651249693	-0.0123884136236695	-0.0472939001071243
c2319c812e9087c20104f2998a5c7640	0.0385091158561599	0.00467725831729018	-0.04058759605169
61a4537260c1f22e0c54c126964f9802	-0.0214336605668956	-0.0183714338013349	-0.0347865567664276
4d1adf74b7cef11a0fe759e73fa21035	0.00186442193915081	0.0172935670684336	-0.00894566289111362
dc2167b32d3069e6e3be342676077cf1	0.0180411354620045	0.0171161306354257	0.0199018746527687
28f61fd89f9146c2734afdcea05b785e	-0.0151637956102614	0.0104677986440998	0.00614464113287824
4be32f088a9f9d7893a7612a0d67b5d1	-0.00629691132821614	-0.0332797761875154	0.0307790087452504
e250216745d34ab27967f80bbe47d9c9	0.0113347150248531	-0.00411147862485161	-0.0193308171821224
a6425c7ba201723a5bb0bbea10a90bbe	-0.00127280475679483	-0.0128240738146135	0.000522361656802917
dd65a38691cd961de84a9243c5e626a3	-0.000444092917927601	-0.00108086720551106	-0.0106211855755987
a9b0fe3db225c0a4c9786b8e91c0e904	0.0403229502590606	-0.0644121972177213	-0.0123008413128318
5a21b578af2d6f33e65bae6d188cccfb	-0.00431845345369242	0.0453197471715961	0.0597239185076371
f6d378a2418bdfa35cabbb162de4a2b7	-0.0129234120391439	-0.0207159584033331	0.0149663433588661
6087b00075281dbe3459800bc078fe82	-0.0383044173716755	0.0249201264977587	0.0205796672479908
db889639474e7cb0cc3ed757492ebc16	0.0173115578731286	-0.0335156712452492	0.0321337613520465
42a199e2198690c5512c66dbf30f0016	0.0210368857555666	0.0264686434545642	-0.00062444243535292
c687e919e077ae6740afc0f5621ad67e	0.00940041183656753	-0.0112415329870216	-0.0183523380320207
78daed31175900395d30690854624053	-0.00838246578474568	-0.00311127255550101	-0.0170441024415159
01dff367632ae033baf43959209daa49	0.00630702803090173	0.0211256872440833	0.0381251101455204
10fb11b8eebbc14fa1468e6798236483	0.00145604795391136	0.00280664194337639	-0.00652697651837219
b0f001b04511c2063729657d40d74c29	-0.00206596450410565	-0.00214554329772156	0.00658785307882652
058d1bc24bd904f3a45833797f3def43	0.00649618351299408	0.000637645454289201	-0.00256301266164452
1c7be2942ff2b0f0c9b0f2895943c2ed	-0.0914810312452826	0.1139078113804	-0.143791320930066
09eb0841c64f38d758bda7037b013735	-0.00214877932119455	-0.00626059011888721	-0.00763753417598844
97f35416c9be96f8b129b6ac86027407	0.00130867859066742	-0.00158191615510688	-0.00881465348784904
06596b36e84e967af55e15a467daddef	0.00634951866433538	0.00129445987510838	0.0856294924846735
c58e2a68f6f4cc43a7da8789985e58b1	-0.109747216860777	-0.0689995184949374	-0.0660423311779848
112805ee66ec48602008ce9de6024e98	-0.00129204011869968	-0.0343435844162088	0.0357237897720159
2b1888dd172586520e2d75ae13e8195b	0.00312615687993112	0.0460215704416483	0.0217366236055296
243476923a29e16bb046a9483da4337c	0.0327427650350901	-0.0053013971715074	-0.00227584778480697
4d33d55f5241094950cc90895da56c7b	0.00621915704506232	-0.000416121695854844	-0.0185407017457249
5a7ef8fe532cd0ccd77327e46d637e09	-0.0252177987868207	0.0371956088393071	0.00175116329136557
57dd59cfcacf8b19662913dcfa062797	-0.00558950597853132	0.0154277112485179	0.00820017807967724
4e0df63c20bc40a5697e707f9efd1c71	0.00330703804535363	-0.00480415995898761	-0.0109360138993011
39d9f65de077de8b531ff0d539657923	0.00844551604293691	0.00289727490171549	0.00571576793307328
36c101cdfbee16859f69974e576a72f7	-0.089084270208798	-0.0400915160927938	-0.080375385584904
35eabab52dcc399ac67ec6ce9ccd2376	-0.00873651524969951	0.0256742514328299	-0.0140339880703072
1b3b1a4703f78f68bd3a3be3758d9459	-0.0051419643083209	-0.0221632210874789	0.0147385892951483
7677e586e083d8ad79c4ef6937f39fce	-0.00664007653878924	-0.0308138773545639	0.0185294737287109
c13b388dee634f7f7196e41a756e6753	0.0130745008377717	-0.0199309757160682	-0.0199515408624012
f6eada503d7cf074a8e9d89670b7afee	0.0604841874352079	-0.0707647890379266	-0.0451584879627128
800ebdaa9a8c5facfc77346279310d24	0.0309679584570202	-0.0316326180125362	0.0560089958553686
d1a2bb48c3802008e7f44993ae93b0a8	0.0232691496594459	0.0409048202034588	-0.00268590570880516
8653993e54f9906df58d0a2dd8e90c56	-0.0107023134755654	-0.0101076766800805	-0.0175738300451152
690070f75d72179a2a3aebff0bc3c999	-0.025373195357793	-0.00546535477797217	-0.0352871590807154
b043bb3487cb3641f31a92d5dc6372fd	-0.0503423458200436	-0.0311147833461336	0.102673279334069
10e32c0739036b7e56b41e14a153c449	-0.0243211379112635	0.0125023940866394	0.00962222544652255
27a61262b88031a552acee6875a69694	0.0320611127767963	0.00984083803595145	-0.0672550350430896
e43fe24cae1c19f25db8975825555b7a	-0.0877014229876925	-0.048390273511552	-0.051957552810939
ccc3cf00f66e91631aa8de549a5d54c9	-0.0401404579020218	-0.0412680444967757	0.061164139748027
8322dad60e4eea64196017b26e48932b	0.0332226915336547	-0.0237864695263449	0.0504158119160885
3a93f2936ea7b18c36106a6cb4f646ae	-0.00295480530028753	0.0554663411009117	0.0219460907069347
cc3ca1808709a2fa3e1a8d2c818a1c56	0.0148603863875745	0.0187650972529173	0.0153683946332666
565e20d415e384f2d45d75de722a7e41	-0.0540004659740998	0.0346348449779956	0.0214319207438361
ff7559369eca49bbf0d94d9e3f63cf8d	-0.0580038363136426	0.0418822033653193	0.0357731600554651
b7b0f8866aafbf4aa2bdfb9f9a24bc47	-0.0150586983526712	0.0098163395414039	0.00861414794972482
a091d239fa735939d22c7fb0deb14a0d	-0.0211584010132725	0.0192007932782616	-9.67562272213306e-05
bf408c6e7a0d4fd00e308c05f0b5dd87	0.00968170062222267	-0.0124135297486305	0.015639766147093
d07c9927e056d009a62d98b45874980b	0.000838134008423652	0.00725053051221027	-0.00451913765012512
9c5d142df5c4628f863aa7bef6a36b46	-0.0722826851007799	0.0501508397405299	0.0523534116188995
faccd27f7662f2e4d1fb4e71c063bfab	-0.000592405781759025	-0.00217959985641827	-0.00771505191018253
146f2a67d59a038eb7f58b177d2e927a	-0.000987613620503966	-0.00161635290177129	-0.00713941128628965
7a00c946e0abd71917f5327387bb46bb	0.0796637927064728	-0.0919969156902861	-0.0373215187612068
dc8236f28b16b73a59591998959be5c4	0.0837756826223098	0.089862573311149	-0.0360864009198773
2b2a85645cad73dff31845830a13e397	0.0268157314525329	-0.0345725737422575	-0.0162845162330466
70d107ad14859a573d70a35272a66455	0.00728643378814385	-0.0131940193834068	0.019858091201265
b7a30d8c4fd4ea65c17fb81afde5fb85	-0.0256971972237609	-0.00599512944987587	-0.0359635901709612
c2e2daed6affcda64a905ba1c20a4c11	-0.0100657877128758	0.0315758101372275	-0.0119151329295046
a84bad6a9edceefede11585c840a31ae	0.030978042913649	-0.0130219447759148	0.0373622721460916
b7be2dacdb06d9426645d3500391f2d8	0.0440849055994056	0.00226617121348243	0.0266307985241079
e0f11d0df98c4c321afb4037f5f4c3c7	0.0234535877397789	-0.0344115929867044	-0.0254742732171124
1de856ac5227b02cd69d190a3cd44490	-0.00376457228014214	-0.0052566179471302	-0.00627278802385491
e5c4244c8bfcf1766b956a5b1167c9a6	0.012996543348828	0.0116663855635509	-0.03157740280317
9a9d438b8fd4da9b11f691b177193de7	0.000339297138435471	0.0594153211329866	-0.0371493743997136
6d8f1f910aa46bc9669b058f610c56bc	-0.0195403168132693	0.00263997020576258	0.0119174578818483
ac1f69e31de939b67073b3c18719cff8	0.0050802420378645	-0.0233058820380903	0.00501628467494702
b10a56ac9e8cc610ad92cc71572ddfc0	0.0524486943752573	-0.0096200226323604	-0.00162243028165136
f108c3bd53417a75c0c183b86c592030	-7.38315385785179e-05	0.00251480762850832	-0.000398525919536737
618c5c60ff514e4dd21d457270c62c3c	0.00610537605309212	-0.0180437470181781	-0.00869814830189386
a7fcdb26f4c836bbb7efd9067663613d	-0.381231338537289	-0.131564130555731	-0.166327043434103
cb993908eb1906a4326d4457f02169c0	0.0109009318460939	0.0102724728809641	0.00912596732255869
9cfebccbd21a101fe87e79314d6a641e	0.0453259474746207	0.0249397144202693	-0.030692663850625
38ff733fa8f252072052a0e903be4899	-0.0157493056894004	0.010269344509533	0.00385559275102623
fbe569f27449e3e176774be0524755af	0.00897336414900833	-0.000528605096908702	0.00747668201867892
62aba0005ee674bc896062013ae6ed6c	0.0138733925247898	0.0498063763600232	-0.0601006081754277
ca0171d01739fcbe8b2c2d72dff4fc2a	-0.0601577661605567	-0.0288161056459138	-0.0353638638866739
007a1b750a3cf53991588620f1a03738	0.00431617690534108	-0.00145069626382115	-0.00476152089847788
79439943499b89c7dd160c4f5feccfe7	0.0257494617457396	-0.012189396575231	0.0797598372812128
44d95bbc85bc4c77283d53328b7db622	0.159470080951867	-0.184814632459445	-0.0971859810339946
5d36ca810e4d7bb7c4ad1b755bd41d8b	-0.0103535553210845	0.0236329758059633	-0.0122969993938568
593db1ca3cd010de53c33173b10b9d3e	-0.0157854168514356	0.00280462493568583	-0.0349544933840937
ed653da819392e55e41e7913fdf3c4d6	-0.0539703676295033	-0.00700677166336614	-0.0164049044057741
0a3816a97f44c115cc9437358ed565f8	0.0496149094889476	0.0612663283392436	-0.0249271694266521
e82aa8e24f8ea3c8a3d3c2365c6e4ca4	-0.00591616681441111	0.0102177568091624	-0.013919500711395
64b91b7fb0a6eb1dd34d5b7be8c0cd46	0.106272135687304	0.0587702650413775	-0.0340084009806444
52e2fed22b1fb3883b0bf9e49917f688	0.0194048707379904	0.00414534036269233	0.00968999618925531
06bc31de6bc92612c1f2d3d1caf6007a	0.0334243333346008	-0.0415576769283333	-0.0154199100340312
09bb69a696f8806acc0787d727663b00	0.00138821602371422	0.00263700277138104	-0.00421497984231854
824cd6047f59c2e9c3f82a8df69caaaa	0.0172210969639891	0.00260779343975198	-0.0306416580370371
fc19ebc1123ef19eba674311dbecbaed	0.0265304018496293	0.0820630474112182	-0.0316060968998988
bc3ff36dfa919580bdbf9ea025915795	0.0387077380041851	-0.000762651383723813	0.0230047609629459
a520a7acc3a9a67c1597f259673763c9	-0.0196989082469414	-0.000430100236208162	0.0172486155333521
39d236a56cb33a6ae24945ec2e5e0256	-0.0400213123377972	0.0197832676894815	0.083669155683342
ae7c0f884cf55dfa618c4e08c446cc9c	0.0237365484549545	0.0127734574729068	0.0328045295197099
74de521d11ac9f31c941f22ef2edbb1c	-0.00363541476954402	-0.00337076904180899	0.00276616253880298
cff736de7686d41a68752f59cab18b31	0.0221500830982988	0.0145773023733723	0.01838446937248
a202b8f1c5ae6fd8cb9eb6a8f5d267c9	0.0040076224534786	0.043999503849076	0.0366989002004718
c2e9118523f0484482ea79168e3acd2c	-0.00109635930639017	-0.0305418729206926	0.00500861238431087
ba405b3fb9395681063b6d6b093c9f8d	0.000470693212612763	-0.024399089783417	0.0047922919569006
7c65f6c3914a9596e99c010934a3d640	-0.0018174207287947	0.0111414811142667	-0.00824059846045591
1cd73c18952ac6a4c96f2a07e72e423f	-0.0340207018740699	-0.0188971540217828	-0.0162514124616079
68c1c8573564b1a564ccda5144b0b7c4	-0.0428727221027459	-0.0220836773239629	-0.0270061526932069
b679c5279f58de186001ddf44ed690b2	-0.0084887096945428	-0.011256151633324	-0.0203173109427789
9bd197db84e18b4937d48d9dcecd43e8	0.0711762853806035	-0.0149640089347588	0.09317209049448
17315bf8b899d70cf24132b12e8a9786	0.0259881290877648	0.00625783059615361	-0.0432641604289076
fe40425e17db3f7858d7abc9cd2f44d7	0.00438907191424141	-0.00629260696865641	-0.00114552088487821
e7f979c306799ea5ab4922a169021bcd	-0.00739167264656544	0.0872003109494575	-0.0775171281732651
e1a03f0d37b02898e261564682fa5827	-0.00951126758284969	-0.0103850744457511	-0.0194312220492504
e7ad01e7e502499f2a997603e5283e3a	-0.0164861486774331	-0.0112836977169641	-0.00112134192592068
4958bf0b4dc72cbd04e8f894b9c7b4bd	-0.0297087245581414	0.0514984005565185	-0.0254287244341041
1307eb6cd3720d4e7203e365e4cc7e9e	-0.0518619725212684	-0.0614369119722498	-0.0347338220415669
3ab47973b7b532eced4510cd41486798	-0.0424104868042603	-0.0298305836884136	-0.0535402816158852
d632cd0bb9b6948bd9f3ada76763525b	0.0701011411004105	0.0528056000074174	0.0478842648358797
36043f4ac355c82b1540aeada31341c5	0.00116100127621828	-0.00491081337362327	-0.00803937902512556
027e37b2a4138335eebc4e261eb8b39d	-0.0370220713002607	0.019163150898108	0.0730387929700283
93db41c8007972333a218e6e6b93809f	0.00988981751863116	0.00842477498924239	0.0340244295074862
30796034988834d7c98a654c605eea23	-0.0355986768810338	0.00365167175070166	0.0109538045363176
ea8c39891e4cac6a8602ff1af1f0ab58	0.0184602378750321	0.0318723202376506	-0.0685732254829135
a777349268653f8048d2af95ce8ccc71	0.00194694167636341	-0.0198802364959213	0.0219720106531789
fdfcac56b7312095bb81a49605598ff1	0.0397179853522535	0.0887312429337927	-0.0979645087930969
4cfc9be1b8d221630a0ad926eea58617	-0.0138814980359028	0.0110546451809687	0.00594884108328498
a5371e7a393f0ecbb2ca8c2500e29608	0.00946837694938649	0.178773767797842	-0.118677030785247
f2b4c8ef290678030428b633ffb4a5a5	0.0124097393535714	-0.00881702000640896	0.0129671412653728
7c08929a544b9ce9a3713f4f644b58e1	-0.00676660021546046	-0.0157821726548786	0.000330426923515434
34d773d3e75106bde18851ae84e02f25	0.00346538866916128	0.0258286869920262	0.00380178866756395
6a6d7fc62dd58487ba41eb7fd0250f84	-0.016946693235359	0.0211983068898517	0.00788214489501579
55d86f8527c39b3c7fb578c095d0e67a	-0.00520302231280905	0.00555968357958399	-0.00740143567649252
5fa3bc3e5dd2a8a3df19dc8199866f3f	-0.0386865387456944	0.0830395400478657	0.0104901508865906
9f482604b98c7172594c2ea3a520287c	-0.00632763293908609	0.0331301193828557	-0.0460399329814623
d863756ab3c25b46f0a0eda09e54b371	-0.0310180677315342	0.0430103667712159	0.00240867413666287
12da2791bd25e9a1c29d28f6b992d7b0	0.0174807707925112	-0.0179627301880149	-0.019099413408438
b40bef84d42188de9d43977c5e406e38	0.0153311338426636	-0.0152747259438142	-0.0210517693394098
55fd0a12de5d888c406ecba33be8a257	0.00958092008953048	-0.0555221812047439	0.0392235493797477
de26db9145c2a84bd80c9019102f6f80	0.0126431194381327	0.013147838989818	0.0148710231801979
b8136e2fe15ed5cabf62413e36577db4	0.00977960705933758	5.48819561334364e-05	-0.000804431329333909
9ec01999685568b7c27547a0934e0143	0.00895351303693562	-0.00703484313440363	-0.00862746211359961
77760f92b25503e120dc225a1d7e448c	-0.0943134690195057	-0.0368797776476427	-0.0615677364785063
dc403456c7893dd6b458d88fb75f8083	-0.0248779718314596	-0.0622814473492353	0.0775568996051835
36da4009ab6ebc1bfb84e7781ee3a702	-0.00941167046501084	-0.0068574165079665	-0.0179739822085975
4d36d3555587644f13fcfcdadb30988c	0.0352149685487428	-0.00456214568995092	-0.0105597095757629
49f51bc67da204afc0519f0702bd58b5	0.000132682901263352	-0.000171671608550672	-0.00515815302133853
212efed6b5280ed5e2968f1b875f55ab	-0.0601329433045011	-0.0317950388328806	0.00233117387583624
e98cf7cfb7630f95b62c1f733759b666	0.0028018455228513	0.0188445107517539	-0.0162827696112597
5ba7065210a7b90476d4fd52015fb082	-0.00411336806240333	0.0123773795730927	-0.0100196565723135
bf23f54dabe5b7fd3980ef79d387f601	-0.00355246031952965	-0.0495911993971212	0.0285696489553212
630b69ba0b6765ef7b43778eab10bcad	-0.0553069017468225	0.0330181282952731	0.0385875528538239
8042b06637d199a99ca5907a712b69c7	0.0378254524445974	0.0138841078725883	0.0307501448438105
2e1efb4fc4f5f5f8c50007c16b1591b7	-0.00714838968538734	-0.00502770997207086	0.0124963854578554
698bd8f5664abfed3837ed30ece7f424	0.00484770768032217	-0.00846431191370149	-0.0103924526633785
5273bc24620197c0f90a0beed0bddb0b	-0.0814402025985619	-0.0520372476987484	-0.0583997458374661
1fbb1f1d08ed989a38c58840225f5a01	0.00386631787603413	0.00293245505736635	-0.000863358666374719
06660a14d8fba529a7fd2da74202a134	-0.00700016847407454	-0.0288222759134409	0.022452583337921
35c17b7466907d7646eeaf7ebdf008f2	0.032751632605633	0.00526781924828714	0.0187691829173393
6273447ea2764740bc580283c4f4dac8	-0.0919681247505694	-0.0868662828563418	-0.0258408537936522
17e11e17f647264e7c6a513bf2725027	-0.00702100679680181	-0.00491678173877093	-0.0162643457800495
d7361fa0082f9949c458ca26380acb3e	-0.0205042992352519	0.0204429673970345	-0.00989203343593005
7689b1714b8bf1a14d2ee188d6ebb9bb	-0.0332019014557676	0.0344642817454937	0.0408453195367709
5a0772abb5bac3a00bf088d8d365de0b	0.0312527828664221	-0.0246473150221042	-0.0277092244789037
338e133c04991f18ce873d8a1ff192ec	0.0142004246611986	0.0134944588365423	0.00517282169171734
d747a724a8de75fbb7d57fa6fa9490c6	-0.0439455942050454	-0.0387042495220245	0.0820186254867362
ec2cfc1414b1cdb6242a080faa4c5ba3	0.0163312439885157	0.00821515547396225	0.000318401000105593
458651bb2dee89b6bbdcf2cda944fb26	0.0316976073811738	0.140493518439098	-0.019444803449569
850bafd139b7a0ba89e544a6fbc6ed6e	0.0182551007940426	0.0189994101691472	0.010269842654046
e645a9d11504954c67de9deab240802f	0.0189272106098845	-0.0288411870712469	-0.0143299323450962
9f868449033b306fbf92329f18ce3d9e	0.0518265545312084	-0.0674375838243758	-0.0384000883631146
71f75c20fbcd90851d9d2ed8bb6fdc0b	0.0207184360298108	0.0333234358318371	0.0210576425508682
adde1d30caa3271f9f87ec6ed1df624f	0.0214218463008744	-0.00768711630382836	0.0476407364768628
fda1cb1bb679d7ac839a025e9602bc6f	-0.0018259673983164	0.0329201557782162	0.0289305128973086
5498bedf36953ab56e3fdfe41a9c6555	-0.0209509821669432	0.0224500855182592	0.00908864036892235
fedb9ec8db2bf63d33d03db707a651f7	-0.0789828474236353	0.115219661068523	-0.12462305800669
fc6beb0e55dbfbf8821fc0f7d9c4ab1c	0.00772542650856259	0.000576946035485645	0.0170412883536075
d033e9e77f19040c31ed316fab9d4e66	0.0122478720102629	-0.0205064481010124	0.00456211268540641
de92f6988d61186b5972a5a1eb83e3b1	0.0316943073201986	0.0258769081563651	0.0354798709218348
fdc4163a0feda57817161ce2d96c13b8	0.0122001594497656	-0.0908224637348532	-0.0712243051227867
8b63f557d3d34fbeb0b59ed10291b6d0	0.0429125909975753	-0.00746699076323042	-0.056492625398209
589afc02bb760297028f7f74cc2a8138	-0.0018241486904331	0.00634158754648103	0.0513298701085289
e242637cd008a843b3f5dea6b6b76698	-0.0138503113800749	-0.0095376371028529	0.0116239968492763
b35066a0e99e5ddab661a6f3420e4786	0.0450301167270932	0.0106698571170035	0.0604744972058558
d3d8250539f1ed9f3e5fe922ddc336fe	-5.53797970990198e-05	-0.000628454861243172	-0.00509620397386533
54f619a51a2c9ff6732b4b59c1dfa0ac	0.252773499186032	-0.235059859735395	-0.130932637000738
d1e0b69484233ced9bb8c5d8c31068cf	-0.0240869717857926	0.0400856163701178	0.00564485125202916
f7a6729d65c8452ca0c0e6198e7d4274	-0.00635102998883325	0.00633124201174172	-0.00369097739102579
8ba9b6cbf3edbc7c2e4709b9116d2011	0.0044905625865733	-0.00233120073241005	0.0129988111958307
a3792aa5fd14e211501338990de32220	0.0180451866991592	0.00191382575576736	0.00187129574555951
6c5b704572248d91fb13c488a294fd44	-0.0231655761226747	0.00808449592239674	0.0189998922831678
153e253566bb613d2dc474e5e489817d	0.00250459255155169	-0.0152684597922054	-0.000121075003845807
eb6191435d5830ca2c6249ca7e4e17f9	0.00194410685710148	-0.0312471305731907	0.00739149450369221
77f9b1bc12b9b32b86ac9d435b465a49	0.00782552487131976	-0.0149648714458513	0.0125537998813078
ad0538aeb51186d4cf300ffc9034d1db	-0.0619335384435296	-0.0345254881872654	-0.036904608962727
04fd08b0ba2f9042bb4432f0f55fadc1	-0.0758312463669561	-0.0489546186189311	-0.0580325728711389
eb09a1154e83e055cb6e7e9c7bc9bb9d	0.134673236238245	-0.153923752512339	-0.0915746911862161
39e60a1a48a238c4fd7ce31e69279412	-0.07338857790352	0.102206551792117	-0.102816532747344
405036adfc5f5b062ae6957bb6e2dd3f	-0.00592547525519999	0.0539939190167389	0.00508196065453237
99acfa70b29f54821a5b7f5d4a18975c	0.071868502925261	-0.00171697320618955	0.0843781559346879
306025f1a0d3420c07919f8b0a2fcd73	-0.0341418592444361	-0.0555159856980407	-0.0572683401290456
d283f577ba1ab77d86cdb21fd0089797	-0.0183541306951254	0.0119051455131482	0.0111235842895507
47c218458290f18fe4cf62e41feb98b2	-0.022962370395428	-0.0391147395241426	0.0463363489089862
d1200d189af4d49bcceb2f86c7ae1edb	-0.00110898516654616	-0.0405164055302352	0.0195980941743623
d44ac2077af373a2da93f56e19e3b088	-0.0269576578512735	-0.0100238149290614	-0.0291153183799264
083201358641a7eb7a0aa14b86dcbec9	0.00145670225352024	-0.0012104053011317	-0.00977403706460637
24354c044420f816fb586957e9567e8e	0.00715925460384212	0.00660441905128529	-0.0266846568566084
21daf6b6f280216286611e28425d5467	0.0564208482850012	0.0298913061625916	0.0441209302477484
b588a61c44a6dfe50e6860bff25e8c6c	-0.00530316742615053	0.00344771803768437	-0.00425163482814699
b5b9ec52c8256c9b36244f5dcfea71c2	0.0907523626630366	-0.229619504390107	-0.0428266581680581
eb6a5dcf6d944975f317b42f6ee7af85	-0.0177836668251336	0.0412369486802978	-0.000103139857705346
7bcbf84e6466a2b3bd929aa0e2644863	-0.00057791347270026	-0.00758145846449648	-0.0028613844067812
5eb8517de8596bd03e63e622f8ffc315	0.00322695981221085	0.00279652189325957	-0.0149667908784162
2dbc6381a27844da6d48bdf4c67e70ec	0.054663387032799	0.0237348197948868	0.00432619821750875
6225fab3eb02dd111aa8145e8742b1ed	-0.0372549734553574	-0.00575557481978787	0.0941225853746853
2192fea4db9e4e59959f4ee4a71a269a	-0.0253177968468204	0.0247310447119334	0.00403599983169707
3f203bd9c8a6e51b0edf892a1590b7fc	-0.0426777886884985	-0.0311678803647334	-0.0528010816892116
54effd0a09827ac40b034dfd9af100e0	-0.0226128249166322	-0.0221473796326291	-0.035213391255068
64cb733a90a8602783a4caa156dc3f47	-0.00780092677499204	0.0102164908255455	-0.00690659388779354
3bd16956c690a5785a50747a7d28ba59	0.0192541131063881	0.157695204928586	-0.0397857583954859
446e4d22d8a0eef7cf59a3ab3de14406	-0.00842776319591216	-0.033196509314801	0.0218332219449383
bea943dc7edd159607371184c7c981cb	-0.0114235052960442	0.000802021121844506	-0.010206500775175
3a24ac46e086c246657a666cccc94250	0.0589705134173738	0.0505312424325873	0.0699224774410151
7063862ae02a6612ffb4ea2c610a743d	-0.0133364782371153	-0.00546816161760454	0.0142114866006779
71405b2bd9bd8dd24ccc412019ec3b71	0.0047360982630148	0.00975954724582694	0.00143146227797829
b09bbcc3544899e62c6bfb684bdfac54	-0.00674973268307841	-0.00823976155862242	-0.0189188645863223
4b951155914c36a1039238cbbc8da4a1	-0.0433776562425693	-0.107746527141036	0.0712620040865788
f9fe0d0dacc45db447ce2450cc50239c	0.0192269748067136	-0.0271692114928951	0.0274529872452193
e77d7ad7b1c4b9e945981ff037a233a0	0.00514563931590808	0.00917843552603677	-0.00573853995974033
8867e4b6c5fe783ca1e693a30eb1a0a4	-0.0296703309683356	-0.0207616015170331	-0.038207568665418
e8520893aa8ae77ed2fd9b4d9cbf17db	-0.0727384726718059	-0.0482198031386999	-0.0501318837288034
8e959f131925b4539e6eb10044e8b4ec	-0.0410133185939448	-0.0509607942397886	0.0764259985585073
df2a741371b51047e60fa88c36829a1a	-0.0103415122728905	-0.0148222486443683	0.015082896183195
acf362a2238aabfe831aabdac16109ef	-0.010394238986164	-0.00401588639157478	0.0043781927344323
b9e165d774287a5258ca398365a9aa10	-0.00664597325481497	-0.0115450135603259	0.00153769001892838
254f55c33f54e11a1ea655b4c84bb19c	0.0182595595808267	-0.0028770063907775	-0.0301391135282615
87331140ff4bd1e7a2f62df296681f9d	-0.0010747547875416	-0.0614139643419846	0.0326205078682947
0cd5bc561ba51a12bea102faa09c1786	-0.0179338247314296	0.0442564077751444	-0.0624046815556137
1754d733eb89fbd3c014ca997b43c2f1	-0.00915055524214567	0.000762118424425294	-0.00989900072661879
e7d699f8d40dd864329ad3cc8099eda7	0.0323943580243466	-0.000556937391377582	0.0305600225991516
305e293e535d87921f03ca87a762b734	0.00579691640932597	0.000846419480567547	-0.00388004251988094
038aa617a35db503a8d05393f0c51e9d	-0.00285838544662145	-0.0137855416940781	0.0106037762269932
fdee01a09768145a7860b44fba2500b8	0.00209391281361757	-0.0288522704537752	0.0511563260001024
aa60daae31570e3a559fe1abe6243119	-0.0100785411518882	-0.00139896302742812	0.0098247489310537
d950a307cd91430abd4c57c98cee601e	-0.0241202047773167	0.0160446769528253	0.0108401628945221
f76929d7b79d512c223a2e5c250d1fe8	0.025619261406699	0.0102444441749207	0.0144134113607086
0f8eb418e5aef4ac6c10f89776a9768a	0.0147207755037556	-0.000281120071553055	0.00990643672480975
a052f604457082673038a7ccc3bd3e1b	0.0189665918443773	-0.0526881348693059	-0.0264646522716554
4c5e9f8333575a74f9fcb583490f32b0	-0.0177915044744109	0.0223937528467963	0.00236162216762874
ccb75f3d772669df6b4667155b533b18	-0.0158079173484912	-0.0297440994377442	0.0508904640656002
d45d06bbafafbbf17ed131f895e2baa2	0.00663661968228573	0.00581183458564821	-0.00660414710843344
7a46b08db19fd92115c1b77cf5daed3b	0.00372079021248298	0.0723827105231746	-0.0255270410962771
0aa32585b7f5df000083ed19d816382f	-0.00205107665512351	-0.00229633319464866	-0.00958784424384964
e03b334147d01a1158deb21891c1fcd8	-0.0238350439490705	0.0257633473059537	0.00274739938030246
46316d3db6a336fd6dece6683133e9ca	-0.00452886806798677	0.00420682595433755	-0.00580534392291297
aae758436cefc293989d9dbeeff6d8e5	0.00138174137451652	-0.0113274398687513	-0.000642935732532019
58c0e848b96e5330f7eb820910b04f12	0.062991887122661	0.120185219963273	0.0105542139774307
25da5edc424e567663751f6d597ef89c	0.0257113489253095	0.00680740752970008	0.017642529033366
17da89c71e63a371776c8b944903f51a	0.0263561922893599	-0.00259084594177809	0.0213633163741424
43d5c8488c2b88b15900c7f61143ba98	0.0172026731899003	0.0149191402683291	0.00483144664689532
c2806c22fa6632c9dd24789d9b4e0c45	0.0132816109620782	-0.0090206345965426	0.0105845312247636
f193368a6d8637fa5f7cde653484926c	0.0115873538150528	-0.00575183509628338	-0.0230427704020885
d75d878c38810df82174ce8e0330f811	0.00120183177650424	-0.00157457017523324	-0.00962595529865385
2e79cbc8868e088f977b03cbdaa12905	0.110680871427019	0.0279328207699073	0.0943515425039174
69177f030ef863893cd6319d8d65d658	-0.0114728326082025	0.00321341742521149	-0.00579713816448765
62467937c20e4bf85b16f992f1b8b92f	-0.00478500010345829	0.000136686237166804	0.0317530494490047
0029b333174aa6320d9e93736a6f2057	0.0178902082596096	0.00704539038935954	0.121437723087544
b953dea43059da91ffa7c6299f2ffa0b	-0.0106746958535353	0.0064333205580526	0.00184465082626579
7d9d754891119c8b6f0df9c87779b005	0.0161886429552443	0.011370810239709	0.0105150505335373
05e0b6606072fc0db1c2ef4682136d41	-0.0179996580027519	-0.00561535728299209	0.0202421052135671
cd7e3ceca94b0858a460a844dfce3761	-0.000735363631357165	-0.00594475192026323	-0.0112164947070091
b9f82987d2b9fb11e8a30cb4ab82b679	-0.0314895050405731	-0.00500955984792546	0.0267984971009468
55693d980f7e99bedad897de660001c0	0.00107842306059625	0.00494085680775967	-0.0125370603616296
732d785caefafec6a35a8d1877441e3e	-0.0131984481829273	0.00669075338976914	0.00911388786262979
ed7528280f8f2432fba0e5c9e70a7ca9	-0.0354989771052755	0.0460703243370413	-0.00296370601029033
49459496ccb32a112d7a43e506283b0d	-0.0430940224954311	-0.0185263069595519	-0.0334225898780725
d4bef524f58758995a2639fe96f08a7a	0.012270663204332	0.00463673725585162	1.01854270349022e-05
d9acbe0799a9cb82d0232dcbab6952ab	-0.0125976205689745	-0.0073851054259335	0.0243585762371344
28eeddd99fce6f087029d84a03da997f	-0.0202656746206146	-0.021818870112539	0.0310489983990425
68bb5f43ba3210d3f2fac71e807514a8	-0.00386003493867626	-0.0430052189752754	0.133157898325387
187b866263321810a2fc138ec0db44e2	-0.00371277785737814	0.000174232128902375	-0.00417829298784627
c4e7ba07c1e2a2924dce51f2da866faf	0.000455454503324457	0.00168255938330349	-0.0104483955844012
4f2b35dd59629ff909c9f96bdc194874	0.00544754400845767	0.0152584340513259	-0.0160868381194277
7651a37a80eb89c08a36d6c6f54ece24	0.00547502048894096	0.0297118059845806	0.0723839771522741
24ebe1f575897091610e8dedbb473a0e	-0.0909508440925962	-0.06374318150622	-0.0623102421631073
1f7dff901293f7d4da7a3c28860ebec8	-0.0494979726222528	-0.0127492024300436	-0.0521840356832508
eb81fe730fdff6fdb6bbb41b4067c539	-0.0270452308299587	0.0237793921220339	0.0123575236561283
1032fff00da8fafc2f3db16b2649f501	-0.133448659142748	-0.0576801867734353	-0.0713488572808002
3154af5d646ad9a79f1f13db6419bbdd	-0.00573105748567776	0.000761506850678005	0.00191510407077485
921ac4c0c138d74b80806be551381866	-0.00220137525546299	-0.0386230444331804	0.0249166629195741
b3a2fe127905779636616ab69b0ec85a	0.0100907373644357	-0.0265317791983443	0.140583412642569
3c544387e68227438abdf70076967867	-0.00187169360470911	-0.0152525171128055	0.00904110255444799
e525becf4d601dd4e594b0e5ca88d795	-0.0123134474496673	-0.0105447786055789	0.0144156317289155
47b6c53cc34b0063f350105ad8959135	-0.0254737577142359	0.0443403211902808	0.0131750765019837
c3384094e6f805cedfd0a72407f40a0e	0.0472869998943781	0.0137356372042924	0.0557798041754551
7a3f630f842faa8b8286cb220592bd12	-0.0312826866457953	0.0183259200518907	0.0245782060611714
282a485482806c10dc45fe61556afa1c	0.0306066717053159	0.0305469995539478	0.00574410042593607
7c2f3e1753c5b208569533ded0d8236d	-0.00739470647965938	-0.00690936314424281	-0.0140225398238655
72de2f7d51f6bc471a5a0e7ff4e1d184	-0.0128064897968131	0.00983159269246755	0.00105137493525101
73a462c7b2d4b8a21a3d142b69d0ff5f	0.0769873940269909	-0.0644793530060285	-0.0172268699102369
758c9a896e27340d16b748edaaf9d383	-0.0291307457569804	-0.0022082125750875	0.0230166138835152
c5572e19b4d869780a40607be73ba993	-0.0406567907335741	0.00663268376041694	0.0337032447941429
569bf6321065a33234e23086f1def0f0	-0.0170621488565099	-0.010736688336244	-0.022436050973678
efbec6946c306a3057c4dbd90568cddb	0.0173882108375825	0.00560560926776752	0.00350851387501113
6eca52ca18b82700785c02eec884254c	-0.0701363265612584	0.0426884105122655	0.0563894311073985
0804b919521897fc48f0eea3db57ec65	-0.00342406206560637	0.0921006434314875	-0.0634797429452288
364a77b133e8cd5f9837fc5617d9ce96	0.00994376184777013	0.00212588786521783	-0.0249444005061817
fef4c51ea225712875c0f628cfcc7b62	0.138837522288162	-0.167459959045961	-0.0822798526262933
02e996dfb6333f005033fd640175c6b3	0.00811730153835339	0.0100320014383458	-0.00436883402077089
90fa0ee55ed8eb84a86fc02f862af8ba	0.0116804376920546	0.00542310889957022	0.0234190127342394
14472144d79263531983fd3cdd88021b	-0.04272847981064	-0.028367006269444	-0.0465702713474344
36d633644d91d3aa58b123aa758c1c58	0.000868485944569612	0.0139912523556099	0.00178789670572411
f5417cdfa86b9820a966799e377487ca	0.00434847774849233	0.0153887665459563	0.060006746275858
6a5cc76d768845980ed122c694d78819	-0.0102547840200337	0.023048674014395	-0.00111437879526072
8742644fefa3f3ab615945898a359f83	0.0207267673637635	0.0166183313926665	-0.0406575452297418
d03658b21ae114dc7bbb02162dac7bb0	0.016234304746822	0.00538949163612824	0.0013735678223256
5747ceb95b05d64ed675c0a69bfc545f	-0.00201111021054544	-0.00162271920206236	-0.00479548451785867
7786f3b9ee87e3a1a022e40b4cc2ef13	0.000858087519995906	0.000624922739294107	-0.00617203617339696
3475662f44d0a42578d4b8d6ace2bd8d	-0.00868523310508259	-0.0116661434090586	-0.0117343463908952
f0eafd32670273d71b0473cf32049902	-0.0177154774484967	-0.00237765418220511	0.0145738135884933
80409aa0e08ab82c7caa03fcd41d682a	0.0207207224395081	0.0542100641044568	-0.0499246662223372
3d7c367c09ea5764afea965a10dbe59d	0.0743465132460213	-0.00253251737519961	0.0804356393748203
ab7191427aa3e9ff1c6bdf0d4baf3dcb	-0.00550987437638134	-0.0204996839963439	0.0124828455624729
