     1: G000364225_101                  100.00   19.20   17.47   18.97   21.12   16.80   18.40   18.40   16.86   20.38   20.15   20.77   19.69   20.08   20.83   19.31   20.77   21.24   22.39
     2: prot_1                           19.20  100.00   40.06   20.82   20.41   19.52   18.84   18.84   19.80   18.87   18.36   19.80   20.93   20.27   20.13   21.85   19.80   21.52   18.87
     3: prot_4                           17.47   40.06  100.00   22.79   22.45   17.12   16.44   16.44   22.11   20.53   19.41   21.12   19.93   19.60   20.46   23.18   20.13   20.86   20.53
     4: prot_2                           18.97   20.82   22.79  100.00   39.68   44.27   43.31   43.31   33.02   31.85   31.95   33.23   33.87   33.87   39.17   32.91   37.06   35.78   36.42
     5: KRM51566.1                       21.12   20.41   22.45   39.68  100.00   45.86   47.13   47.13   32.38   38.85   32.59   35.78   41.85   41.85   38.22   35.46   37.06   39.94   38.66
     6: KFOAOCCA_01485                   16.80   19.52   17.12   44.27   45.86  100.00   93.04   93.04   30.57   35.14   34.94   31.73   37.50   37.50   33.87   32.37   35.58   36.22   35.58
     7: LGAS_RS00260                     18.40   18.84   16.44   43.31   47.13   93.04  100.00  100.00   31.85   35.78   34.94   32.05   37.50   37.18   34.50   32.05   34.94   36.54   35.90
     8: G000014425_51                    18.40   18.84   16.44   43.31   47.13   93.04  100.00  100.00   31.85   35.78   34.94   32.05   37.50   37.18   34.50   32.05   34.94   36.54   35.90
     9: tr|A0A1U7NKD7|A0A1U7NKD7_9FIRM   16.86   19.80   22.11   33.02   32.38   30.57   31.85   31.85  100.00   37.85   33.95   42.28   39.81   39.81   41.23   39.20   38.27   40.74   42.59
    10: prot_5                           20.38   18.87   20.53   31.85   38.85   35.14   35.78   35.78   37.85  100.00   58.84   36.42   47.22   47.22   49.85   47.53   43.52   45.06   46.91
    11: prot_6                           20.15   18.36   19.41   31.95   32.59   34.94   34.94   34.94   33.95   58.84  100.00   35.60   41.49   41.18   40.92   43.03   40.87   41.18   39.01
    12: tr|A0A1U7NP31|A0A1U7NP31_9FIRM   20.77   19.80   21.12   33.23   35.78   31.73   32.05   32.05   42.28   36.42   35.60  100.00   44.58   44.58   44.14   42.28   40.92   43.52   48.15
    13: JIJPODMP_01796                   19.69   20.93   19.93   33.87   41.85   37.50   37.50   37.50   39.81   47.22   41.49   44.58  100.00   96.91   49.38   51.08   47.68   54.18   54.49
    14: AZ52_04447                       20.08   20.27   19.60   33.87   41.85   37.50   37.18   37.18   39.81   47.22   41.18   44.58   96.91  100.00   50.31   50.46   46.44   53.87   53.87
    15: SFE73109.1                       20.83   20.13   20.46   39.17   38.22   33.87   34.50   34.50   41.23   49.85   40.92   44.14   49.38   50.31  100.00   65.12   55.56   54.63   58.95
    16: G009917455_1208                  19.31   21.85   23.18   32.91   35.46   32.37   32.05   32.05   39.20   47.53   43.03   42.28   51.08   50.46   65.12  100.00   54.01   53.40   56.48
    17: WP_056959219.1                   20.77   19.80   20.13   37.06   37.06   35.58   34.94   34.94   38.27   43.52   40.87   40.92   47.68   46.44   55.56   54.01  100.00   52.16   58.02
    18: EFK28582.1                       21.24   21.52   20.86   35.78   39.94   36.22   36.54   36.54   40.74   45.06   41.18   43.52   54.18   53.87   54.63   53.40   52.16  100.00   68.21
    19: prot_3                           22.39   18.87   20.53   36.42   38.66   35.58   35.90   35.90   42.59   46.91   39.01   48.15   54.49   53.87   58.95   56.48   58.02   68.21  100.00
