#
#
#  Percent Identity  Matrix - created by Clustal2.1 
#
#

     1: G000364225_101                  100.00   19.16   17.08   22.05   21.05   17.80   23.95   21.97   23.77   23.48   24.62   21.59   21.89   21.97   24.24   25.38   25.76   26.52   21.37   21.76   23.48   21.37   20.91   22.52   24.43   19.22   22.92   17.39   18.97   18.97
     2: prot_1                           19.16  100.00   40.06   18.87   18.69   20.13   20.20   20.46   19.74   22.11   19.80   21.12   20.07   20.13   20.46   19.14   20.79   21.12   21.26   20.60   20.13   21.59   19.87   21.26   18.94   20.89   20.82   19.86   19.18   19.18
     3: prot_4                           17.08   40.06  100.00   20.86   19.60   22.44   21.85   19.80   20.07   23.76   20.13   22.11   22.04   20.79   22.44   22.44   22.44   22.44   19.60   19.27   20.53   23.26   20.20   20.93   20.27   23.21   22.53   17.12   16.44   16.44
     4: prot_5                           22.05   18.87   20.86  100.00   58.84   37.54   37.04   42.90   41.36   41.05   40.74   40.43   45.06   42.15   43.83   43.52   43.52   43.21   47.37   47.37   50.00   47.37   43.52   45.20   47.06   31.63   38.66   34.82   35.46   35.46
     5: prot_6                           21.05   18.69   19.60   58.84  100.00   33.95   36.22   38.70   36.84   33.75   36.22   34.98   39.63   38.89   37.46   37.46   36.53   35.60   41.61   41.30   41.05   42.86   40.87   41.30   39.13   31.73   33.01   34.94   34.94   34.94
     6: tr|A0A1U7NKD7|A0A1U7NKD7_9FIRM   17.80   20.13   22.44   37.54   33.95  100.00   42.28   40.31   44.92   40.74   40.74   44.14   39.69   39.38   47.22   43.52   45.68   45.06   39.94   39.94   41.05   39.32   38.27   40.87   42.72   32.48   31.85   30.89   31.85   31.85
     7: tr|A0A1U7NP31|A0A1U7NP31_9FIRM   23.95   20.20   21.85   37.04   36.22   42.28  100.00   45.54   45.99   45.06   43.52   43.21   46.91   44.75   49.07   47.84   48.15   46.60   45.65   45.65   45.20   43.17   41.80   44.41   49.69   35.14   37.38   32.59   32.91   32.91
     8: EEU29635                         21.97   20.46   19.80   42.90   38.70   40.31   45.54  100.00   51.08   49.38   48.46   49.38   58.77   52.47   55.86   59.88   61.11   60.80   50.62   50.00   47.68   46.58   51.70   50.00   56.21   38.02   36.10   35.14   34.82   34.82
     9: KFOAOCCA_00205                   23.77   19.74   20.07   41.36   36.84   44.92   45.99   51.08  100.00   57.54   61.23   62.15   55.83   49.23   60.62   57.54   59.08   61.23   47.06   47.68   49.38   43.34   50.00   52.01   54.80   36.42   42.49   36.42   38.02   38.02
    10: LGAS_RS04710                     23.48   22.11   23.76   41.05   33.75   40.74   45.06   49.38   57.54  100.00   66.15   65.23   48.00   44.92   56.62   57.54   56.62   56.62   42.11   42.41   47.53   42.41   45.06   45.82   51.08   35.90   37.18   33.01   33.65   33.65
    11: KFOAOCCA_00001                   24.62   19.80   20.13   40.74   36.22   40.74   43.52   48.46   61.23   66.15  100.00   69.54   50.46   47.38   57.54   55.69   55.08   53.85   43.03   43.65   47.22   42.72   45.06   47.99   50.77   34.29   35.90   32.37   33.33   33.33
    12: WP_003547395.1                   21.59   21.12   22.11   40.43   34.98   44.14   43.21   49.38   62.15   65.23   69.54  100.00   49.23   46.46   61.23   57.54   56.00   55.38   44.58   44.27   47.84   43.96   47.53   45.51   49.85   35.58   37.18   34.94   35.26   35.26
    13: KRL87916                         21.89   20.07   22.04   45.06   39.63   39.69   46.91   58.77   55.83   48.00   50.46   49.23  100.00   53.23   56.31   60.00   60.92   60.00   49.85   48.92   51.54   47.68   52.16   56.35   56.97   37.70   41.21   35.46   36.42   36.42
    14: KRN10896.1                       21.97   20.13   20.79   42.15   38.89   39.38   44.75   52.47   49.23   44.92   47.38   46.46   53.23  100.00   50.77   60.00   56.62   56.31   50.62   50.93   46.77   44.75   44.62   50.31   52.78   35.78   39.30   31.95   32.91   32.91
    15: ABQ82994                         24.24   20.46   22.44   43.83   37.46   47.22   49.07   55.86   60.62   56.62   57.54   61.23   56.31   50.77  100.00   63.38   62.46   61.54   46.75   46.13   48.15   49.54   49.69   50.15   56.35   34.29   35.58   34.94   36.22   36.22
    16: LBA0892                          25.38   19.14   22.44   43.52   37.46   43.52   47.84   59.88   57.54   57.54   55.69   57.54   60.00   60.00   63.38  100.00   83.08   82.77   51.39   50.46   51.23   48.30   49.07   51.70   55.42   37.18   41.67   33.33   33.97   33.97
    17: WP_005718943.1                   25.76   20.79   22.44   43.52   36.53   45.68   48.15   61.11   59.08   56.62   55.08   56.00   60.92   56.62   62.46   83.08  100.00   92.31   49.85   48.92   50.62   48.92   49.69   50.46   55.73   36.54   43.59   33.97   35.58   35.58
    18: WP_150399422.1                   26.52   21.12   22.44   43.21   35.60   45.06   46.60   60.80   61.23   56.62   53.85   55.38   60.00   56.31   61.54   82.77   92.31  100.00   49.23   48.92   50.31   49.23   48.77   50.15   55.73   35.26   42.95   33.65   35.90   35.90
    19: JIJPODMP_01796                   21.37   21.26   19.60   47.37   41.61   39.94   45.65   50.62   47.06   42.11   43.03   44.58   49.85   50.62   46.75   51.39   49.85   49.23  100.00   96.91   49.38   51.08   47.68   54.18   54.49   34.08   41.80   37.30   37.30   37.30
    20: AZ52_04447                       21.76   20.60   19.27   47.37   41.30   39.94   45.65   50.00   47.68   42.41   43.65   44.27   48.92   50.93   46.13   50.46   48.92   48.92   96.91  100.00   50.31   50.46   46.44   53.87   53.87   34.08   41.80   37.30   36.98   36.98
    21: SFE73109.1                       23.48   20.13   20.53   50.00   41.05   41.05   45.20   47.68   49.38   47.53   47.22   47.84   51.54   46.77   48.15   51.23   50.62   50.31   49.38   50.31  100.00   65.12   55.56   54.63   58.95   39.10   38.46   34.29   34.94   34.94
    22: G009917455_1208                  21.37   21.59   23.26   47.37   42.86   39.32   43.17   46.58   43.34   42.41   42.72   43.96   47.68   44.75   49.54   48.30   48.92   49.23   51.08   50.46   65.12  100.00   54.01   53.40   56.48   33.12   35.69   32.80   32.48   32.48
    23: WP_056959219.1                   20.91   19.87   20.20   43.52   40.87   38.27   41.80   51.70   50.00   45.06   45.06   47.53   52.16   44.62   49.69   49.07   49.69   48.77   47.68   46.44   55.56   54.01  100.00   52.16   58.02   37.18   36.86   35.58   34.94   34.94
    24: EFK28582.1                       22.52   21.26   20.93   45.20   41.30   40.87   44.41   50.00   52.01   45.82   47.99   45.51   56.35   50.31   50.15   51.70   50.46   50.15   54.18   53.87   54.63   53.40   52.16  100.00   68.21   36.01   40.19   36.33   36.66   36.66
    25: prot_3                           24.43   18.94   20.27   47.06   39.13   42.72   49.69   56.21   54.80   51.08   50.77   49.85   56.97   52.78   56.35   55.42   55.73   55.73   54.49   53.87   58.95   56.48   58.02   68.21  100.00   36.66   38.59   36.01   36.33   36.33
    26: prot_2                           19.22   20.89   23.21   31.63   31.73   32.48   35.14   38.02   36.42   35.90   34.29   35.58   37.70   35.78   34.29   37.18   36.54   35.26   34.08   34.08   39.10   33.12   37.18   36.01   36.66  100.00   39.68   44.27   43.31   43.31
    27: KRM51566.1                       22.92   20.82   22.53   38.66   33.01   31.85   37.38   36.10   42.49   37.18   35.90   37.18   41.21   39.30   35.58   41.67   43.59   42.95   41.80   41.80   38.46   35.69   36.86   40.19   38.59   39.68  100.00   45.86   47.13   47.13
    28: KFOAOCCA_01485                   17.39   19.86   17.12   34.82   34.94   30.89   32.59   35.14   36.42   33.01   32.37   34.94   35.46   31.95   34.94   33.33   33.97   33.65   37.30   37.30   34.29   32.80   35.58   36.33   36.01   44.27   45.86  100.00   93.04   93.04
    29: LGAS_RS00260                     18.97   19.18   16.44   35.46   34.94   31.85   32.91   34.82   38.02   33.65   33.33   35.26   36.42   32.91   36.22   33.97   35.58   35.90   37.30   36.98   34.94   32.48   34.94   36.66   36.33   43.31   47.13   93.04  100.00  100.00
    30: G000014425_51                    18.97   19.18   16.44   35.46   34.94   31.85   32.91   34.82   38.02   33.65   33.33   35.26   36.42   32.91   36.22   33.97   35.58   35.90   37.30   36.98   34.94   32.48   34.94   36.66   36.33   43.31   47.13   93.04  100.00  100.00
